time	95%HPD_lower_value	95%HPD_higher_value
2015.01403646248	0.0118763245986898	0.0118763245986898
2015.06086334738	NA	NA
2015.10769023228	NA	NA
2015.15451711718	NA	NA
2015.20134400208	NA	NA
2015.24817088698	NA	NA
2015.29499777188	NA	NA
2015.34182465678	NA	NA
2015.38865154168	4.17727097200967	4.17727097200967
2015.43547842658	38.0862924850022	38.0862924850022
2015.48230531148	0.000142821895802299	58.2366788014472
2015.52913219638	0.00238057814517809	177.331481377068
2015.57595908128	NA	NA
2015.62278596618	NA	NA
2015.66961285108	NA	NA
2015.71643973598	159.691359919362	159.691359919362
2015.76326662088	22.5681965647709	22.5681965647709
2015.81009350578	59.6607742309604	59.6607742309604
2015.85692039068	NA	NA
2015.90374727558	NA	NA
2015.95057416048	NA	NA
2015.99740104538	NA	NA
2016.04422793028	126.046466309627	126.046466309627
2016.09105481518	5.85302429241314	10.4845661543178
2016.13788170008	2.75147636607117	49.9870472985108
2016.18470858498	5.05271914255976	245.801625977109
2016.23153546988	0.95744687739718	21.38200420225
2016.27836235478	15.2947772460259	42.5895298297208
2016.32518923968	60.528356709118	98.5086560263293
2016.37201612458	22.8733484581329	108.956707688545
2016.41884300948	70.8789276976081	248.784166955573
2016.46566989438	2.44040545104274	6.02761708600119
2016.51249677928	28.603382056118	105.839734141252
2016.55932366418	9.86814295154053	333.526043789654
2016.60615054907	31.7707364069808	31.7707364069808
2016.65297743397	NA	NA
2016.69980431887	8.04057747812521	127.615128636036
2016.74663120377	0.00109809795376024	349.045561805042
2016.79345808867	0.0103864357921508	285.129013511723
2016.84028497357	3.76193977614655	500.938006304737
2016.88711185847	29.8499228544463	135.576592053905
2016.93393874337	5.49524738793385	90.6765756515608
2016.98076562827	13.6866840607382	328.29183386496
2017.02759251317	29.752218061662	816.760904011858
2017.07441939807	121.952766666692	121.952766666692
2017.12124628297	0.400479860377162	287.84210841876
2017.16807316787	24.1345100634767	195.377880744935
2017.21490005277	29.9031629871877	458.37308104989
2017.26172693767	38.4878578444333	67.333981458013
2017.30855382257	97.3068795520925	170.865101657542
2017.35538070747	18.8678209235684	106.61044533101
2017.40220759237	0.00115854533377496	383.287679373596
2017.44903447727	0.0066892364734755	430.395487757629
2017.49586136217	19.9274941896144	100.456987667787
2017.54268824707	1.41405912262021	86.7415651109584
2017.58951513197	24.9058419876911	25.8845940583385
2017.63634201687	34.1956827030205	95.7127024386058
2017.68316890177	105.475922851334	160.779259906811
2017.72999578667	0.308397729196804	133.772497744198
2017.77682267157	6.66841611342006	351.723069498943
2017.82364955647	205.583410595816	646.409353889145
2017.87047644137	0.00623279272661191	0.00623279272661191
2017.91730332627	0.0360875885366783	13.2568323039837
2017.96413021117	44.3837813669217	44.3837813669217
2018.01095709607	827.114624985964	827.114624985964
2018.05778398097	NA	NA
2018.10461086587	66.0069138418995	66.0069138418995
2018.15143775077	24.3838154967243	29.7500608800128
2018.19826463567	47.8992783190349	384.123790347874
2018.24509152057	336.808096681325	938.332163832994
2018.29191840547	4.49329031755192	219.625140959038
2018.33874529037	28.791274264239	98.8343675994866
2018.38557217527	122.000746667699	122.000746667699
2018.43239906017	NA	NA
2018.47922594507	NA	NA
2018.52605282997	NA	NA
2018.57287971487	NA	NA
2018.61970659977	NA	NA
2018.66653348467	NA	NA
2018.71336036957	NA	NA
2018.76018725447	NA	NA
2018.80701413937	NA	NA
2018.85384102427	NA	NA
2018.90066790917	NA	NA
2018.94749479407	NA	NA
2018.99432167897	NA	NA
2019.04114856387	NA	NA
2019.08797544877	NA	NA
2019.13480233367	NA	NA
2019.18162921857	NA	NA
2019.22845610347	NA	NA
2019.27528298837	NA	NA
2019.32210987327	NA	NA
2019.36893675817	NA	NA
2019.41576364307	NA	NA
2019.46259052797	NA	NA
2019.50941741287	NA	NA
2019.55624429777	NA	NA
2019.60307118267	NA	NA
2019.64989806757	NA	NA
2019.69672495247	NA	NA
2019.74355183736	NA	NA
2019.79037872226	NA	NA
2019.83720560716	NA	NA
2019.88403249206	NA	NA
2019.93085937696	NA	NA
2019.97768626186	36.8759178618396	36.8759178618396
2020.02451314676	NA	NA
2020.07134003166	NA	NA
2020.11816691656	NA	NA
2020.16499380146	NA	NA
2020.21182068636	NA	NA
2020.25864757126	NA	NA
2020.30547445616	NA	NA
2020.35230134106	NA	NA
2020.39912822596	NA	NA
2020.44595511086	NA	NA
2020.49278199576	NA	NA
2020.53960888066	NA	NA
2020.58643576556	NA	NA
2020.63326265046	NA	NA
2020.68008953536	NA	NA
2020.72691642026	NA	NA
2020.77374330516	NA	NA
2020.82057019006	NA	NA
2020.86739707496	NA	NA
2020.91422395986	NA	NA
2020.96105084476	NA	NA
2021.00787772966	NA	NA
2021.05470461456	NA	NA
2021.10153149946	NA	NA
2021.14835838436	1395.86988238992	1395.86988238992
2021.19518526926	54.0836980813284	54.0836980813284
2021.24201215416	NA	NA
2021.28883903906	943.737321515521	943.737321515521
2021.33566592396	60.1238710504714	60.1238710504714
2021.38249280886	NA	NA
2021.42931969376	NA	NA
2021.47614657866	NA	NA
2021.52297346356	NA	NA
2021.56980034846	NA	NA
2021.61662723336	NA	NA
2021.66345411826	634.168677878071	946.260024276506
2021.71028100316	258.879460806138	5396.56870360598
2021.75710788806	452.545567554622	452.545567554622
2021.80393477296	2861.24585210466	2861.24585210466
2021.85076165786	NA	NA
2021.89758854276	665.445713874132	665.445713874132
2021.94441542766	6294.65190251857	6294.65190251857
2021.99124231256	3572.09985843251	3572.09985843251
2022.03806919746	758.779645874984	758.779645874984
2022.08489608236	544.625714338711	2273.5963987896
2022.13172296726	422.10966999941	4982.9985342606
2022.17854985216	0.0125446545945592	21749.1626335686
2022.22537673706	0.0738345143972577	5525.2706171918
2022.27220362196	138.845734320769	24776.3240318009
2022.31903050686	0.0604904579644178	167268.538306397
2022.36585739176	0.059920573766319	8631.33655025272
2022.41268427666	0.0436892138006188	24589.8567311249
2022.45951116156	6.18910843273888	23981.2555697128
2022.50633804646	0.00694553336332076	122047.303330504
2022.55316493136	0.0235828213626009	223309.671591785
2022.59999181626	1.97909529295629	787470.776312516
2022.64681870116	0.0274601956568645	308982.819790385
2022.69364558606	0.0191315710019553	418954.834838945
2022.74047247096	0.112608599136872	643402.306403705
2022.78729935586	0.0247714248941642	1389324.16539486
2022.83412624075	0.0245038397231193	466718.014947905
2022.88095312565	0.0139776698131918	935688.89424812
2022.92778001055	0.120210567002743	595853.011127076
2022.97460689545	0.309315736321078	510637.899162804
2023.02143378035	0.287659230605078	190640.835247653
2023.06826066525	0.468412892132694	287198.826432206
2023.11508755015	24001.2933166271	501441.533934787
2023.16191443505	4434.65982592335	425494.392354824
2023.20874131995	1367.3608931789	96988.6278275581
2023.25556820485	2730.6538005649	237979.530879186
2023.30239508975	0.116710392934349	189719.315100292
2023.34922197465	0.0152631527442899	657.468946242077
2023.39604885955	0.000309438346182422	258.217824310547
2023.44287574445	0.011711078300706	1259.10631069093
2023.48970262935	0.0318887693186141	2180.93558283776
2023.53652951425	0.0486778941935635	8488.95530469184
2023.58335639915	0.059059511603966	9809.73479047692
2023.63018328405	0.0727819601831684	5047.96461010611
2023.67701016895	0.0155334724094395	32223.1978932375
2023.72383705385	0.0246312503573995	46129.3542866391
2023.77066393875	0.0142940155707547	29554.9794413527
2023.81749082365	0.042541988519784	65369.3039819129
2023.86431770855	38.6719757961872	52964.228331913
2023.91114459345	6941.19123663259	333480.512318395
2023.95797147835	6017.28789956989	187172.01886764
2024.00479836325	8771.20050436272	116677.38963464
2024.05162524815	41167.5086085963	1481154.04139819
2024.09845213305	1746558.70868763	2266963.20848149
2024.14527901795	1120.11702638763	3045139.76873781
2024.19210590285	1056.15080165785	382706.56561902
2024.23893278775	259010.78550778	1188993.18926878
2024.28575967265	4290.83306297128	391069.04636398
2024.33258655755	5120.79432389289	18703.8588415944
