time	distance
2015.73014935637	0
2015.77327860959	0.239805689652999
2015.81640786281	0.479636661620622
2015.85953711602	0.719492287176696
2015.90266636924	0.959371937779411
2015.94579562246	1.19927498507653
2015.98892487568	1.43920080087871
2016.0320541289	1.67914875714698
2016.07518338212	1.91911822598467
2016.11831263533	2.15910857961332
2016.16144188855	2.39911919036777
2016.20457114177	2.63914943067364
2016.24770039499	2.87919867303678
2016.29082964821	3.11926629003235
2016.33395890142	3.35935165428059
2016.37708815464	3.59945413844415
2016.42021740786	3.85738509482714
2016.46334666108	4.13559852945111
2016.5064759143	4.41382649349843
2016.54960516751	4.69206835907645
2016.59273442073	4.99028379628875
2016.63586367395	5.2968401981844
2016.67899292717	5.6235113359114
2016.72212218039	5.93313592628673
2016.76525143361	6.08741818100844
2016.80838068682	6.2938580545039
2016.85150994004	6.5002972167177
2016.89463919326	6.70673565524066
2016.93776844648	6.91317335780261
2016.9808976997	7.11961031212634
2017.02402695291	7.33074772311368
2017.06715620613	7.58237045199197
2017.11028545935	7.86180187595917
2017.15341471257	8.17100551018891
2017.19654396579	8.53940503497881
2017.23967321901	8.91374471050258
2017.28280247222	9.33998531787958
2017.32593172544	10.6953964297496
2017.36906097866	12.2581033590854
2017.41219023188	12.9571648909826
2017.4553194851	13.4893480406372
2017.49844873831	14.0485565737362
2017.54157799153	14.6328911947418
2017.58470724475	15.2822312276324
2017.62783649797	15.9675395170469
2017.67096575119	16.7487593584851
2017.7140950044	17.7198076282628
2017.75722425762	18.8389671964969
2017.80035351084	20.0405312136235
2017.84348276406	21.2900124021278
2017.88661201728	22.6678141988264
2017.9297412705	24.0709950311836
2017.97287052371	25.5393166848851
2018.01599977693	27.1041680841309
2018.05912903015	28.7077387355436
2018.10225828337	30.3445137772596
2018.14538753659	31.9822962708968
2018.1885167898	33.6200857532038
2018.23164604302	35.2782255497697
2018.27477529624	36.9598109203972
2018.31790454946	38.6494355043341
2018.36103380268	41.168173444517
2018.4041630559	44.9055966331393
2018.44729230911	48.6736322348047
2018.49042156233	52.5139290792608
2018.53355081555	56.156872322931
2018.57668006877	63.4484832674072
2018.61980932199	68.9921984800283
2018.6629385752	71.9830510770556
2018.70606782842	75.0149515442819
2018.74919708164	78.1196855727604
2018.79232633486	81.3695562086817
2018.83545558808	84.7312664088857
2018.8785848413	88.1332990459735
2018.92171409451	91.5583042883062
2018.96484334773	95.1932138490723
2019.00797260095	98.9208951731955
2019.05110185417	102.678418493456
2019.09423110739	109.902850138672
2019.1373603606	117.301043224932
2019.18048961382	122.045389710843
2019.22361886704	126.153467611749
2019.26674812026	130.264126731879
2019.30987737348	134.555023657441
2019.35300662669	138.847334843954
2019.39613587991	143.145347179409
2019.43926513313	147.543372320538
2019.48239438635	152.196773731397
2019.52552363957	156.936808742972
2019.56865289279	161.821828803092
2019.611782146	166.864791551235
2019.65491139922	172.029402035022
2019.69804065244	178.072541149808
2019.74116990566	184.224955564137
2019.78429915888	190.587028131143
2019.82742841209	197.078086505808
2019.87055766531	203.593170733203
2019.91368691853	210.167632582998
2019.95681617175	216.872541899189
2019.99994542497	223.690260931855
2020.04307467818	230.490598099119
2020.0862039314	237.10046102717
2020.12933318462	243.710535117533
2020.17246243784	249.762880795162
2020.21559169106	255.872479679218
2020.25872094428	261.945286104516
2020.30185019749	267.944329419532
2020.34497945071	273.94359895729
2020.38810870393	279.943152617954
2020.43123795715	285.942650638595
2020.47436721037	291.942091526483
2020.51749646358	297.941473787943
2020.5606257168	303.940795928713
2020.60375497002	309.940056454224
2020.64688422324	315.939253869221
2020.69001347646	321.936784898834
2020.73314272968	327.81853964054
2020.77627198289	333.707521402911
2020.81940123611	339.670704374853
2020.86253048933	345.633793968032
2020.90565974255	351.79844333495
2020.94878899577	358.011956794214
2020.99191824898	364.114160857737
2021.0350475022	370.481150404723
2021.07817675542	376.894784895281
2021.12130600864	383.246147995691
2021.16443526186	389.597416527704
2021.20756451508	395.948588594534
2021.25069376829	402.371388447193
2021.29382302151	408.84180035235
2021.33695227473	415.332621171904
2021.38008152795	421.957606547723
2021.42321078117	428.635694343789
2021.46634003438	435.406821506844
2021.5094692876	442.248310985702
2021.55259854082	449.125249154764
2021.59572779404	456.002078144974
2021.63885704726	463.512827363721
2021.68198630047	471.577742884915
2021.72511555369	478.680572593811
2021.76824480691	486.148454659428
2021.81137406013	493.899452054398
2021.85450331335	501.94974777068
2021.89763256657	510.143074348912
2021.94076181978	518.434314942477
2021.983891073	526.924920664155
2022.02702032622	535.508867144849
2022.07014957944	544.092649819989
2022.11327883266	552.716818223288
2022.15640808587	562.956109226756
2022.19953733909	574.365621945983
2022.24266659231	586.480761553617
2022.28579584553	598.210487799737
2022.32892509875	610.158332787561
2022.37205435197	626.832453607423
2022.41518360518	641.612836695867
2022.4583128584	660.989449493284
2022.50144211162	684.033019533628
2022.54457136484	704.53049819849
2022.58770061806	727.127542822548
2022.63082987127	765.075899979935
2022.67395912449	812.194768699808
2022.71708837771	868.189306101555
2022.76021763093	933.481524349931
2022.80334688415	1007.32195564632
2022.84647613736	1069.53548740921
2022.88960539058	1127.11965939515
2022.9327346438	1184.19207231599
2022.97586389702	1476.68789537658
2023.01899315024	1566.80427883287
2023.06212240346	1642.41499022452
2023.10525165667	1659.46976057408
2023.14838090989	1669.62060052208
2023.19151016311	1683.28498501926
2023.23463941633	1699.35467024096
2023.27776866955	1711.10971766935
2023.32089792276	1737.48036526339
2023.36402717598	1761.92608975611
2023.4071564292	1786.09722071105
2023.45028568242	1814.00846620814
2023.49341493564	1836.75630224309
2023.53654418886	1857.74723219396
2023.57967344207	1879.4904131686
2023.62280269529	1897.39928904742
2023.66593194851	1912.22638218781
2023.70906120173	1921.05281545864
2023.75219045495	1927.87439672877
2023.79531970816	1934.51975359242
2023.83844896138	1945.0919603701
2023.8815782146	1960.57400833046
2023.92470746782	2008.91119380814
2023.96783672104	2117.20648124371
2024.01096597425	2379.6473831775
2024.05409522747	3703.03587191144
2024.09722448069	4563.0412976884
2024.14035373391	4963.1567595429
2024.18348298713	5176.60776043236
2024.22661224035	5374.65077854
2024.26974149356	5554.32866464379
2024.31287074678	5554.32866464379
2024.356	5554.32866464379
