time	95%HPD_lower_value	95%HPD_higher_value
2016.75794025546	124.792581785425	124.792581785425
2016.79602576797	NA	NA
2016.83411128047	0.196540099368393	0.196540099368393
2016.87219679297	0.106940429158501	0.106940429158501
2016.91028230548	0.000464825871916477	0.0173411874107157
2016.94836781798	0.0122711655424871	0.0122711655424871
2016.98645333049	0.0240769942565217	0.0240769942565217
2017.02453884299	NA	NA
2017.06262435549	NA	NA
2017.100709868	NA	NA
2017.1387953805	NA	NA
2017.17688089301	0.0359376482200534	0.0842182190428111
2017.21496640551	0.213995213003687	0.391445075681155
2017.25305191801	NA	NA
2017.29113743052	NA	NA
2017.32922294302	NA	NA
2017.36730845553	0.00238354760483757	63.8543215220235
2017.40539396803	0.00587373644401247	127.703083377118
2017.44347948053	0.00208338442712759	25.2482230503048
2017.48156499304	0.00500369400689082	88.1973049760134
2017.51965050554	39.3378900771432	124.389678479702
2017.55773601805	0.00699612100049393	210.956814617114
2017.59582153055	0.00274996702281431	0.266149272573204
2017.63390704305	0.00625621544259689	0.00625621544259689
2017.67199255556	NA	NA
2017.71007806806	NA	NA
2017.74816358056	4.69404882970541	6.0198524847154
2017.78624909307	0.0375830293776913	116.16239880907
2017.82433460557	0.070090689274888	226.301904671135
2017.86242011808	0.178588856571706	0.178588856571706
2017.90050563058	0.0011266184788912	0.169141775482104
2017.93859114308	0.0106348927977891	84.1358376585375
2017.97667665559	0.0241437839239731	215.400073509321
2018.01476216809	0.0891022367371991	166.306399692151
2018.0528476806	0.204004054043904	0.204004054043904
2018.0909331931	70.0434854852257	70.0434854852257
2018.1290187056	0.000873006839289867	154.527751867901
2018.16710421811	0.00254771498162809	0.0053621282203322
2018.20518973061	0.00193538518489842	79.5828446258107
2018.24327524312	0.00488418848536275	215.30249484475
2018.28136075562	0.018495642995563	13.7513274052246
2018.31944626812	0.0101930432535872	191.538749600921
2018.35753178063	0.0243420120605918	369.319684359448
2018.39561729313	0.000115988622129759	122.175536768088
2018.43370280564	0.000232920382413456	272.015874282428
2018.47178831814	0.00525419661424421	108.817097863497
2018.50987383064	0.01027514028436	232.409966563426
2018.54795934315	0.0299604175466164	142.011758961287
2018.58604485565	0.0000732925958656355	2.44623841974089
2018.62413036816	0.00140690488934351	67.3624362097392
2018.66221588066	0.00274137521984622	189.049928976823
2018.70030139316	0.0567163046960804	238.341090517614
2018.73838690567	5.60223825655094	304.937518512834
2018.77647241817	0.00520735156829501	357.294985893764
2018.81455793068	0.0109420655199711	254.994096234775
2018.85264344318	0.00375073613295781	223.701952277407
2018.89072895568	0.0108623887035232	305.731361279616
2018.92881446819	0.37349391626188	166.726981170111
2018.96689998069	0.140046671776964	1.51590035947437
2019.0049854932	0.000315649880799316	95.0972927018973
2019.0430710057	0.00160187047796439	261.827212381882
2019.0811565182	0.00411323244275313	361.278893690204
2019.11924203071	0.0148678315398156	510.88692069307
2019.15732754321	0.0000320717592466663	176.997542328167
2019.19541305571	0.00255795836284896	43922.8988301554
2019.23349856822	0.00580610072125988	100477.840670046
2019.27158408072	0.000756577961110942	44.4346845434756
2019.30966959323	0.00466821181143104	203.542266663001
2019.34775510573	0.000143452904710685	172.561220013183
2019.38584061823	0.10747402095891	77935.5405916317
2019.42392613074	0.0193102477002712	40349.2196454471
2019.46201164324	0.00229680219649147	2816.91711717173
2019.50009715575	0.00161569228447536	1292.47811370892
2019.53818266825	0.00828830892282465	325.543410017867
2019.57626818075	0.251490806241415	3199.44969368603
2019.61435369326	182.589821802816	6072.8105245523
2019.65243920576	75.0303843452012	75.0303843452012
2019.69052471827	0.00355566003335548	3453.36344781767
2019.72861023077	0.0119687979283095	10968.8524707832
2019.76669574327	0.000633400600395341	48.4041891864109
2019.80478125578	0.00346636523304545	290.087122585838
2019.84286676828	0.00412410281858216	146.758157292667
2019.88095228079	0.0036700987021819	431.458732546716
2019.91903779329	0.00734495137616519	933.879923402964
2019.95712330579	0.146540607653883	337.607554717514
2019.9952088183	24.5458032271993	364.129868623996
2020.0332943308	285.54597210419	1419.53368954008
2020.07137984331	105.830582838303	3031.22094875447
2020.10946535581	177.926817416195	671.389154616913
2020.14755086831	0.00396041695467608	1238.40841599402
2020.18563638082	0.00793233798934101	10311.4774818831
2020.22372189332	0.0745408762925138	2837.23782699986
2020.26180740583	0.068593290690649	0.270473626365607
2020.29989291833	49.4255179228666	123.705294249886
2020.33797843083	0.0296045867386038	3913.82142343818
2020.37606394334	0.0643344689399733	1297.82387533728
2020.41414945584	0.105557480402172	1239.55687705357
2020.45223496835	0.0669581119794275	444.999989972854
2020.49032048085	0.143605342961903	846.789645321567
2020.52840599335	NA	NA
2020.56649150586	NA	NA
2020.60457701836	158.581263439969	172.519908437614
2020.64266253086	411.537064454352	693.061632363224
2020.68074804337	0.117450376639421	538.334598527268
2020.71883355587	0.310902017161564	1099.13330990886
2020.75691906838	NA	NA
2020.79500458088	NA	NA
2020.83309009338	358.77316188551	358.77316188551
2020.87117560589	941.045919060201	941.045919060201
2020.90926111839	964.926920553816	964.926920553816
2020.9473466309	0.016893595593772	2063.89633729939
2020.9854321434	0.0623438602659558	1334.41147435105
2021.0235176559	993.322244482358	3232.77771694438
2021.06160316841	64.9404684638317	10879.3760632051
2021.09968868091	225.084849626049	1127.0293587254
2021.13777419342	1726.51753743891	1726.51753743891
2021.17585970592	NA	NA
2021.21394521842	560.319109724296	751.921005636215
2021.25203073093	1733.20296773049	1941.19225966543
2021.29011624343	979.260555570646	1881.49446100926
2021.32820175594	317.958069040244	2187.66208849278
2021.36628726844	1400.61032875748	1400.61032875748
2021.40437278094	554.92470390018	554.92470390018
2021.44245829345	1085.07866199876	1731.30350177224
2021.48054380595	209.462775680294	2555.28056785446
2021.51862931846	99.953404905888	9399.88515918391
2021.55671483096	1795.61801358455	1795.61801358455
2021.59480034346	0.0209753514477185	1664.45371489593
2021.63288585597	0.0202543286526638	4066.76710916987
2021.67097136847	0.0195328926899931	579.541616301431
2021.70905688098	0.0173814396533711	27.9985398445171
2021.74714239348	0.180006357428516	0.180006357428516
2021.78522790598	0.330752633375943	3082.354946927
2021.82331341849	73.0406689401841	8008.2132506121
2021.86139893099	1250.16320231192	1250.16320231192
2021.8994844435	306.032588346266	2315.41189477771
2021.937569956	0.0149340198725096	98.337888290662
2021.9756554685	0.0331411275733473	918.497406180948
2022.01374098101	68.8487536624279	2697.00976992446
2022.05182649351	0.257844115467481	25251.2830683337
2022.08991200602	0.149857633425429	146916.789242552
2022.12799751852	70.992991900856	300385.702280852
2022.16608303102	0.0370811197729039	483328.645158533
2022.20416854353	0.0774068301338982	451027.695322801
2022.24225405603	0.059635552122133	358280.052178327
2022.28033956853	0.00203827206483098	94123.9294693014
2022.31842508104	0.0420240751332637	49717.1173452545
2022.35651059354	0.082010377318529	10497.3287692219
2022.39459610605	0.0220982811083645	52409.1961052178
2022.43268161855	0.0096713812414394	31750.6795002388
2022.47076713105	0.149570613645493	123289.061104217
2022.50885264356	0.0830963623094858	107436.164726873
2022.54693815606	0.00767322915654638	104627.579381646
2022.58502366857	0.0111345520320361	158677.752330655
2022.62310918107	0.0152213356133707	174636.810726592
2022.66119469357	0.0199831691543264	381312.962542566
2022.69928020608	0.0356464301196738	695594.593375057
2022.73736571858	0.0566776506624295	1024541.91892037
2022.77545123109	0.335819493455962	1249380.16625981
2022.81353674359	0.305405407000372	1392359.68480663
2022.85162225609	0.0443885175182665	599542.915305084
2022.8897077686	0.0942522814089769	232956.321168026
2022.9277932811	0.590502555768661	481856.515268272
2022.96587879361	10458.4978899778	1661449.7422304
2023.00396430611	27061.8391905573	2131528.77652987
2023.04204981861	115880.868169338	3644687.33888928
2023.08013533112	533281.044354811	7992510.65480959
2023.11822084362	443064.536969059	7821081.20108489
2023.15630635613	471094.076179797	6223018.03718142
2023.19439186863	339830.209680753	3191776.0966428
2023.23247738113	119978.741820967	1294899.32013642
2023.27056289364	47467.2626183621	2187230.49872922
2023.30864840614	19167.07405609	1388134.03490462
2023.34673391865	44422.4202796455	4882278.14382898
2023.38481943115	11911.2871808442	4881701.60333814
2023.42290494365	0.0076237849886367	58534.2942004421
2023.46099045616	0.0890132814219976	48095.7856748755
2023.49907596866	0.0500019101302082	34612.262878663
2023.53716148117	0.0700171745166405	21940.7028355296
2023.57524699367	0.0601412865828989	52366.8427743213
2023.61333250617	0.0189570218729249	44987.2834530894
2023.65141801868	0.0328405076351864	26400.7320002956
2023.68950353118	0.0342630797619916	34867.1524286594
2023.72758904368	0.0298063585691245	72355.0080256238
2023.76567455619	0.0623936496563731	71189.3835885344
2023.80376006869	0.302789375099283	109444.91913696
2023.8418455812	1.06570965303428	34184.6304305487
2023.8799310937	1.96219434306724	17699.4109883769
2023.9180166062	4549.97072546048	350177.085225268
2023.95610211871	22095.4604256059	297587.473714734
2023.99418763121	58222.0520412808	241109.714500132
2024.03227314372	175644.252661113	1268480.15392536
2024.07035865622	268654.82916716	1929056.32454983
2024.10844416872	9176.03785659366	1796773.89516818
2024.14652968123	1116.13491677511	940906.984063165
2024.18461519373	1372.13718245439	336318.746862988
2024.22270070624	1101.82512542577	123087.499680869
2024.26078621874	535.754759959596	44864.6736015827
2024.29887173124	145.845537360608	1851.28854548017
2024.33695724375	11.756139679318	1904.49819005396
