time	diffusion_coefficient	number_of_branches
2015.01403646248	0.0118763245986898	0.02
2015.06086334738	NA	0
2015.10769023228	NA	0
2015.15451711718	NA	0
2015.20134400208	NA	0
2015.24817088698	NA	0
2015.29499777188	NA	0
2015.34182465678	NA	0
2015.38865154168	4.17727097200967	0.02
2015.43547842658	38.0862924850022	0.02
2015.48230531148	29.1184108116715	0.04
2015.52913219638	114.564042041434	0.06
2015.57595908128	NA	0
2015.62278596618	NA	0
2015.66961285108	NA	0
2015.71643973598	159.691359919362	0.02
2015.76326662088	22.5681965647709	0.02
2015.81009350578	59.6607742309604	0.02
2015.85692039068	NA	0
2015.90374727558	NA	0
2015.95057416048	NA	0
2015.99740104538	NA	0
2016.04422793028	126.046466309627	0.02
2016.09105481518	8.16879522336549	0.04
2016.13788170008	26.1321887730587	0.1
2016.18470858498	94.6110223772429	0.06
2016.23153546988	9.61470556349309	0.06
2016.27836235478	27.0931942254281	0.12
2016.32518923968	81.1378214736538	0.08
2016.37201612458	65.915028073339	0.04
2016.41884300948	179.089342645729	0.06
2016.46566989438	4.23401126852196	0.04
2016.51249677928	59.726464179326	0.1
2016.55932366418	122.359188746714	0.12
2016.60615054907	31.7707364069808	0.02
2016.65297743397	NA	0
2016.69980431887	48.0449418222974	0.12
2016.74663120377	102.753331836859	0.14
2016.79345808867	108.794527914069	0.14
2016.84028497357	112.030553599882	0.14
2016.88711185847	70.9242925768733	0.1
2016.93393874337	35.7483871595367	0.1
2016.98076562827	109.186690155751	0.12
2017.02759251317	247.999622052929	0.08
2017.07441939807	121.952766666692	0.02
2017.12124628297	133.645219777305	0.08
2017.16807316787	83.3071854497533	0.06
2017.21490005277	244.138122018539	0.04
2017.26172693767	52.9109196512231	0.04
2017.30855382257	134.085990604817	0.04
2017.35538070747	67.3125316218608	0.06
2017.40220759237	160.427570053039	0.12
2017.44903447727	125.161225382193	0.08
2017.49586136217	63.9873105432823	0.06
2017.54268824707	44.0778121167893	0.04
2017.58951513197	25.3952180230148	0.04
2017.63634201687	58.728272179978	0.06
2017.68316890177	133.127591379072	0.04
2017.72999578667	61.6157002458839	0.08
2017.77682267157	146.037256520315	0.18
2017.82364955647	466.71026087959	0.08
2017.87047644137	0.00623279272661191	0.02
2017.91730332627	6.64645994626019	0.04
2017.96413021117	44.3837813669217	0.02
2018.01095709607	827.114624985964	0.02
2018.05778398097	NA	0
2018.10461086587	66.0069138418995	0.02
2018.15143775077	26.2771121619224	0.06
2018.19826463567	143.972550702037	0.08
2018.24509152057	637.570130257159	0.04
2018.29191840547	112.059215638295	0.04
2018.33874529037	63.8128209318628	0.04
2018.38557217527	122.000746667699	0.02
2018.43239906017	NA	0
2018.47922594507	NA	0
2018.52605282997	NA	0
2018.57287971487	NA	0
2018.61970659977	NA	0
2018.66653348467	NA	0
2018.71336036957	NA	0
2018.76018725447	NA	0
2018.80701413937	NA	0
2018.85384102427	NA	0
2018.90066790917	NA	0
2018.94749479407	NA	0
2018.99432167897	NA	0
2019.04114856387	NA	0
2019.08797544877	NA	0
2019.13480233367	NA	0
2019.18162921857	NA	0
2019.22845610347	NA	0
2019.27528298837	NA	0
2019.32210987327	NA	0
2019.36893675817	NA	0
2019.41576364307	NA	0
2019.46259052797	NA	0
2019.50941741287	NA	0
2019.55624429777	NA	0
2019.60307118267	NA	0
2019.64989806757	NA	0
2019.69672495247	NA	0
2019.74355183736	NA	0
2019.79037872226	NA	0
2019.83720560716	NA	0
2019.88403249206	NA	0
2019.93085937696	NA	0
2019.97768626186	40.0194844076111	0.03
2020.02451314676	NA	0
2020.07134003166	NA	0
2020.11816691656	NA	0
2020.16499380146	NA	0
2020.21182068636	NA	0
2020.25864757126	NA	0
2020.30547445616	NA	0
2020.35230134106	NA	0
2020.39912822596	NA	0
2020.44595511086	NA	0
2020.49278199576	NA	0
2020.53960888066	NA	0
2020.58643576556	NA	0
2020.63326265046	NA	0
2020.68008953536	NA	0
2020.72691642026	NA	0
2020.77374330516	NA	0
2020.82057019006	NA	0
2020.86739707496	NA	0
2020.91422395986	NA	0
2020.96105084476	NA	0
2021.00787772966	NA	0
2021.05470461456	NA	0
2021.10153149946	NA	0
2021.14835838436	799.351011378558	0.03
2021.19518526926	189.014357636696	0.03
2021.24201215416	NA	0
2021.28883903906	462.212416941015	0.03
2021.33566592396	141.535999977216	0.03
2021.38249280886	NA	0
2021.42931969376	NA	0
2021.47614657866	NA	0
2021.52297346356	NA	0
2021.56980034846	NA	0
2021.61662723336	NA	0
2021.66345411826	849.514275769283	0.06
2021.71028100316	1525.20105855212	0.09
2021.75710788806	692.335306334165	0.03
2021.80393477296	2088.48313885102	0.03
2021.85076165786	NA	0
2021.89758854276	1253.99233470702	0.03
2021.94441542766	4931.09059008355	0.03
2021.99124231256	3493.79424642235	0.03
2022.03806919746	549.128929543394	0.03
2022.08489608236	1249.96120573488	0.06
2022.13172296726	2310.1432035216	0.09
2022.17854985216	2938.1295925871	0.24
2022.22537673706	1940.50072918083	0.15
2022.27220362196	14157.2962413085	0.15
2022.31903050686	20662.3367824301	0.24
2022.36585739176	1967.65289256166	0.24
2022.41268427666	6530.99171913857	0.21
2022.45951116156	11820.0960898866	0.36
2022.50633804646	40155.2412016409	0.36
2022.55316493136	26259.3231770765	0.45
2022.59999181626	103045.820592253	0.59
2022.64681870116	99297.6432020544	1.03
2022.69364558606	76479.319075145	1.42
2022.74047247096	158974.208900061	1.6
2022.78729935586	176923.412038212	3.92
2022.83412624075	106461.775708047	4.62
2022.88095312565	121692.577022386	3.1
2022.92778001055	254959.123417925	6.34
2022.97460689545	234230.748868516	12.54
2023.02143378035	121915.677358553	15.01
2023.06826066525	103147.743874082	18.95
2023.11508755015	332154.657473759	29.77
2023.16191443505	241223.417915432	37.22
2023.20874131995	38986.8306983112	24.31
2023.25556820485	68452.6997648229	9.85
2023.30239508975	70333.6218187523	2.94
2023.34922197465	275.709098868195	3.28
2023.39604885955	17.1849003641624	1.39
2023.44287574445	261.227006216856	0.33
2023.48970262935	464.816259148925	0.38
2023.53652951425	1376.88559095463	0.71
2023.58335639915	1209.97952987558	0.53
2023.63018328405	1538.00138759213	0.54
2023.67701016895	5260.85111065297	1.28
2023.72383705385	9388.13376211592	1.94
2023.77066393875	11487.1483871138	3.82
2023.81749082365	19875.4362025323	8.22
2023.86431770855	17897.7346124424	35.56
2023.91114459345	59280.9046103064	161.13
2023.95797147835	35516.201629453	390.5
2024.00479836325	61132.8654974519	376.65
2024.05162524815	1936181.90252437	212.61
2024.09845213305	5115026.28737786	163.58
2024.14527901795	2119839.10072261	60.91
2024.19210590285	42232.0964128311	84.24
2024.23893278775	646007.815851789	170.63
2024.28575967265	744767.367986105	144.09
2024.33258655755	35599.9128206142	21.95
