time	95%HPD_lower_value	95%HPD_higher_value
2015.01403646248	0.0118763245986898	0.0118763245986898
2015.06086334738	NA	NA
2015.10769023228	NA	NA
2015.15451711718	NA	NA
2015.20134400208	NA	NA
2015.24817088698	NA	NA
2015.29499777188	NA	NA
2015.34182465678	NA	NA
2015.38865154168	4.17727097200967	4.17727097200967
2015.43547842658	38.0862924850022	38.0862924850022
2015.48230531148	0.000142821895802299	58.2366788014472
2015.52913219638	0.00238057814517809	177.331481377068
2015.57595908128	NA	NA
2015.62278596618	NA	NA
2015.66961285108	NA	NA
2015.71643973598	159.691359919362	159.691359919362
2015.76326662088	22.5681965647709	22.5681965647709
2015.81009350578	59.6607742309604	59.6607742309604
2015.85692039068	NA	NA
2015.90374727558	NA	NA
2015.95057416048	NA	NA
2015.99740104538	NA	NA
2016.04422793028	126.046466309627	126.046466309627
2016.09105481518	5.85302429241314	10.4845661543178
2016.13788170008	2.75147636607117	49.9870472985108
2016.18470858498	5.05271914255976	245.801625977109
2016.23153546988	0.95744687739718	21.38200420225
2016.27836235478	15.2947772460259	42.5895298297208
2016.32518923968	60.528356709118	98.5086560263293
2016.37201612458	22.8733484581329	108.956707688545
2016.41884300948	70.8789276976081	248.784166955573
2016.46566989438	2.44040545104274	6.02761708600119
2016.51249677928	28.603382056118	105.839734141252
2016.55932366418	9.86814295154053	333.526043789654
2016.60615054907	31.7707364069808	31.7707364069808
2016.65297743397	NA	NA
2016.69980431887	8.04057747812521	127.615128636036
2016.74663120377	0.00109809795376024	349.045561805042
2016.79345808867	0.0103864357921508	285.129013511723
2016.84028497357	3.76193977614655	500.938006304736
2016.88711185847	29.8499228544463	135.576592053905
2016.93393874337	5.49524738793385	90.6765756515608
2016.98076562827	13.6866840607382	328.29183386496
2017.02759251317	29.752218061662	816.760904011858
2017.07441939807	121.952766666692	121.952766666692
2017.12124628297	0.400479860377162	287.84210841876
2017.16807316787	24.1345100634767	195.377880744935
2017.21490005277	29.9031629871877	458.37308104989
2017.26172693767	38.4878578444333	67.333981458013
2017.30855382257	97.3068795520925	170.865101657542
2017.35538070747	18.8678209235684	106.61044533101
2017.40220759237	0.00115854533377496	383.287679373596
2017.44903447727	0.0066892364734755	430.395487757629
2017.49586136217	19.9274941896144	100.456987667787
2017.54268824707	1.41405912262021	86.7415651109584
2017.58951513197	24.9058419876911	25.8845940583385
2017.63634201687	34.1956827030205	95.7127024386058
2017.68316890177	105.475922851334	160.779259906811
2017.72999578667	0.308397729196804	133.772497744198
2017.77682267157	6.66841611342006	351.723069498943
2017.82364955647	205.583410595816	646.409353889145
2017.87047644137	0.00623279272661191	0.00623279272661191
2017.91730332627	0.0360875885366783	13.2568323039837
2017.96413021117	44.3837813669217	44.3837813669217
2018.01095709607	827.114624985964	827.114624985964
2018.05778398097	NA	NA
2018.10461086587	66.0069138418995	66.0069138418995
2018.15143775077	24.3838154967243	29.7500608800128
2018.19826463567	47.8992783190349	384.123790347875
2018.24509152057	336.808096681325	938.332163832994
2018.29191840547	4.49329031755192	219.625140959038
2018.33874529037	28.791274264239	98.8343675994866
2018.38557217527	122.000746667699	122.000746667699
2018.43239906017	NA	NA
2018.47922594507	NA	NA
2018.52605282997	NA	NA
2018.57287971487	NA	NA
2018.61970659977	NA	NA
2018.66653348467	NA	NA
2018.71336036957	NA	NA
2018.76018725447	NA	NA
2018.80701413937	NA	NA
2018.85384102427	NA	NA
2018.90066790917	NA	NA
2018.94749479407	NA	NA
2018.99432167897	NA	NA
2019.04114856387	NA	NA
2019.08797544877	NA	NA
2019.13480233367	NA	NA
2019.18162921857	NA	NA
2019.22845610347	NA	NA
2019.27528298837	NA	NA
2019.32210987327	NA	NA
2019.36893675817	NA	NA
2019.41576364307	NA	NA
2019.46259052797	NA	NA
2019.50941741287	NA	NA
2019.55624429777	NA	NA
2019.60307118267	NA	NA
2019.64989806757	NA	NA
2019.69672495247	NA	NA
2019.74355183736	NA	NA
2019.79037872226	NA	NA
2019.83720560716	NA	NA
2019.88403249206	NA	NA
2019.93085937696	NA	NA
2019.97768626186	40.0194844076111	40.0194844076111
2020.02451314676	NA	NA
2020.07134003166	NA	NA
2020.11816691656	NA	NA
2020.16499380146	NA	NA
2020.21182068636	NA	NA
2020.25864757126	NA	NA
2020.30547445616	NA	NA
2020.35230134106	NA	NA
2020.39912822596	NA	NA
2020.44595511086	NA	NA
2020.49278199576	NA	NA
2020.53960888066	NA	NA
2020.58643576556	NA	NA
2020.63326265046	NA	NA
2020.68008953536	NA	NA
2020.72691642026	NA	NA
2020.77374330516	NA	NA
2020.82057019006	NA	NA
2020.86739707496	NA	NA
2020.91422395986	NA	NA
2020.96105084476	NA	NA
2021.00787772966	NA	NA
2021.05470461456	NA	NA
2021.10153149946	NA	NA
2021.14835838436	799.351011378558	799.351011378558
2021.19518526926	189.014357636696	189.014357636696
2021.24201215416	NA	NA
2021.28883903906	462.212416941015	462.212416941015
2021.33566592396	141.535999977216	141.535999977216
2021.38249280886	NA	NA
2021.42931969376	NA	NA
2021.47614657866	NA	NA
2021.52297346356	NA	NA
2021.56980034846	NA	NA
2021.61662723336	NA	NA
2021.66345411826	341.378988879196	1357.64956265937
2021.71028100316	246.893457021431	3879.51435049722
2021.75710788806	692.335306334165	692.335306334165
2021.80393477296	2088.48313885102	2088.48313885102
2021.85076165786	NA	NA
2021.89758854276	1253.99233470702	1253.99233470702
2021.94441542766	4931.09059008355	4931.09059008355
2021.99124231256	3493.79424642235	3493.79424642235
2022.03806919746	549.128929543394	549.128929543394
2022.08489608236	540.091240066497	1959.83117140327
2022.13172296726	414.637409412123	6032.76617896909
2022.17854985216	0.0092530165670763	14948.0643050148
2022.22537673706	0.0656877333477335	6609.57512754891
2022.27220362196	62.6386438629561	39483.6586478051
2022.31903050686	0.0695107253994002	123223.788162441
2022.36585739176	0.0266137381160536	7088.90639140585
2022.41268427666	0.0413088814662381	24508.3709461966
2022.45951116156	15.7762121989062	31498.494908521
2022.50633804646	0.00772474538957729	96060.2859683716
2022.55316493136	0.0168199443492139	96273.2766168274
2022.59999181626	2.91095343184053	1262475.08626057
2022.64681870116	0.027585528086441	210559.999585067
2022.69364558606	0.0261883069678322	371028.258596186
2022.74047247096	0.0858669690856887	609190.316324383
2022.78729935586	0.0319357171022032	1149782.1390613
2022.83412624075	0.0245038397231193	679313.216240042
2022.88095312565	0.0322698088382021	665098.657959767
2022.92778001055	0.120525740224351	959568.704334904
2022.97460689545	0.67728780422332	1685316.42784983
2023.02143378035	0.372657572809649	423421.576328426
2023.06826066525	0.529151032056956	333159.429346538
2023.11508755015	9211.71053791379	912677.267626932
2023.16191443505	3417.28385373447	732292.718897856
2023.20874131995	997.456737808146	134161.354986974
2023.25556820485	1615.43623697202	301666.214174744
2023.30239508975	0.171532757405076	308014.358330858
2023.34922197465	0.0150717925429094	590.722550142316
2023.39604885955	0.000309438346182422	146.826108043947
2023.44287574445	0.0132969886020647	951.627909236767
2023.48970262935	0.0310564725064493	2129.17460114873
2023.53652951425	0.0797103675982605	7908.03168042002
2023.58335639915	0.0303568555065352	8966.50297754652
2023.63018328405	0.0656496522189478	7764.18258170313
2023.67701016895	0.0214455750501073	33996.8000023093
2023.72383705385	0.010678842838228	32313.0631586654
2023.77066393875	0.0298142720414958	44647.6314827093
2023.81749082365	0.118659432910466	67082.5764895589
2023.86431770855	131.974119688397	45585.3510395661
2023.91114459345	1892.62724241601	343911.494471515
2023.95797147835	1507.50970572963	165768.45010401
2024.00479836325	3093.60412150711	294270.879163715
2024.05162524815	20018.3235332714	9152405.93761523
2024.09845213305	171148.588953302	25028457.088579
2024.14527901795	1656.64000263332	13666228.0521751
2024.19210590285	826.471371241455	212109.324985488
2024.23893278775	31007.3181166891	2103246.06632363
2024.28575967265	2717.71128702715	2331407.50821071
2024.33258655755	849.539806639965	94610.9661731261
