time	diffusion_coefficient	number_of_branches
2015.01403646248	0.0270836696764181	0
2015.06086334738	0.0356290142843409	0
2015.10769023228	0.0441743489298949	0
2015.15451711718	NA	0
2015.20134400208	NA	0
2015.24817088698	NA	0
2015.29499777188	NA	0
2015.34182465678	30.6130206849935	0
2015.38865154168	49.4635720367274	0
2015.43547842658	115.371928956944	0
2015.48230531148	191.488920634343	0
2015.52913219638	262.495315472276	0
2015.57595908128	466.857198167064	0
2015.62278596618	347.128734373121	0
2015.66961285108	158.469715592488	0
2015.71643973598	268.632052455641	0
2015.76326662088	378.788561149407	0
2015.81009350578	488.939177645478	0
2015.85692039068	162.754777624446	0
2015.90374727558	NA	0
2015.95057416048	97.9372436798991	0
2015.99740104538	6.88233944529872	0
2016.04422793028	23.2266654975605	0
2016.09105481518	40.458929361562	0
2016.13788170008	60.862062519121	0
2016.18470858498	32.1885532617444	0
2016.23153546988	83.8374040311673	0
2016.27836235478	93.8046139730136	0
2016.32518923968	138.817483068207	0
2016.37201612458	182.64129708286	0
2016.41884300948	105.990695832455	0
2016.46566989438	86.791881386121	0
2016.51249677928	129.624689833469	0
2016.55932366418	189.980545062899	0
2016.60615054907	153.152809797462	0
2016.65297743397	191.842920635636	0
2016.69980431887	121.107041253906	0
2016.74663120377	78.1846402035503	0
2016.79345808867	122.248366298954	0
2016.84028497357	130.287787969623	0
2016.88711185847	140.78597174471	0
2016.93393874337	102.359636507974	0
2016.98076562827	117.285352748402	0
2017.02759251317	172.436630720223	0
2017.07441939807	206.548729222678	0
2017.12124628297	282.750149071348	0
2017.16807316787	70.5760255324317	0
2017.21490005277	113.828642929979	0
2017.26172693767	127.708475248189	0
2017.30855382257	182.442218173117	0
2017.35538070747	260.821895766713	0
2017.40220759237	86.2023063549238	0
2017.44903447727	150.881876495983	0
2017.49586136217	202.046922136434	0
2017.54268824707	80.3224395670942	0
2017.58951513197	150.154714363617	0
2017.63634201687	125.624678735874	0
2017.68316890177	113.996204966985	0
2017.72999578667	303.583638730768	0
2017.77682267157	337.865152631461	0
2017.82364955647	329.534646092014	0
2017.87047644137	374.961013775923	0
2017.91730332627	348.524853211361	0
2017.96413021117	99.776643484072	0
2018.01095709607	89.1583117817921	0
2018.05778398097	75.7347568280605	0
2018.10461086587	140.741881030814	0
2018.15143775077	192.051089023164	0
2018.19826463567	160.834843848049	0
2018.24509152057	196.199012491169	0
2018.29191840547	694.404120843952	0
2018.33874529037	613.978102334108	0
2018.38557217527	361.030093521591	0
2018.43239906017	418.237102613286	0
2018.47922594507	474.368140386117	0
2018.52605282997	NA	0
2018.57287971487	NA	0
2018.61970659977	NA	0
2018.66653348467	NA	0
2018.71336036957	NA	0
2018.76018725447	NA	0
2018.80701413937	NA	0
2018.85384102427	NA	0
2018.90066790917	NA	0
2018.94749479407	NA	0
2018.99432167897	NA	0
2019.04114856387	NA	0
2019.08797544877	NA	0
2019.13480233367	NA	0
2019.18162921857	NA	0
2019.22845610347	NA	0
2019.27528298837	NA	0
2019.32210987327	NA	0
2019.36893675817	NA	0
2019.41576364307	NA	0
2019.46259052797	NA	0
2019.50941741287	NA	0
2019.55624429777	NA	0
2019.60307118267	NA	0
2019.64989806757	NA	0
2019.69672495247	NA	0
2019.74355183736	NA	0
2019.79037872226	NA	0
2019.83720560716	NA	0
2019.88403249206	8.37371518862899	0
2019.93085937696	54.2250828751037	0
2019.97768626186	126.972894671409	0
2020.02451314676	217.559676380765	0
2020.07134003166	320.58482742312	0
2020.11816691656	NA	0
2020.16499380146	NA	0
2020.21182068636	NA	0
2020.25864757126	NA	0
2020.30547445616	NA	0
2020.35230134106	NA	0
2020.39912822596	NA	0
2020.44595511086	NA	0
2020.49278199576	NA	0
2020.53960888066	NA	0
2020.58643576556	NA	0
2020.63326265046	NA	0
2020.68008953536	NA	0
2020.72691642026	NA	0
2020.77374330516	NA	0
2020.82057019006	NA	0
2020.86739707496	NA	0
2020.91422395986	NA	0
2020.96105084476	NA	0
2021.00787772966	NA	0
2021.05470461456	8484.39535399716	0
2021.10153149946	4646.60323358779	0
2021.14835838436	2302.60302234789	0
2021.19518526926	2869.3442307673	0
2021.24201215416	1441.17366398586	0
2021.28883903906	670.27299840358	0
2021.33566592396	561.237212122668	0
2021.38249280886	151.713169876653	0
2021.42931969376	4.57433004838274	0
2021.47614657866	NA	0
2021.52297346356	NA	0
2021.56980034846	1455.50466716497	0
2021.61662723336	1683.83174692694	0
2021.66345411826	796.715954309082	0
2021.71028100316	1151.82731617745	0
2021.75710788806	2212.20877228694	0
2021.80393477296	2087.89257660857	0
2021.85076165786	5186.46655402929	0
2021.89758854276	6778.37492585632	0
2021.94441542766	8728.46585595944	0
2021.99124231256	6302.48143568282	0
2022.03806919746	3297.02295953289	0
2022.08489608236	3007.50996738002	0
2022.13172296726	1591.5385883975	0
2022.17854985216	2759.60114033285	0
2022.22537673706	3616.42076955138	0
2022.27220362196	3664.68627894947	0
2022.31903050686	2886.87922950769	0
2022.36585739176	3809.92564882379	0
2022.41268427666	10491.843236926	0
2022.45951116156	16480.8965681634	0
2022.50633804646	28559.8606010171	0
2022.55316493136	32527.8761246525	0
2022.59999181626	40908.7650245659	3
2022.64681870116	45824.05948048	3
2022.69364558606	40979.8000914573	5
2022.74047247096	41439.5098781736	6
2022.78729935586	67290.6749130029	8
2022.83412624075	88876.7619025117	10
2022.88095312565	69346.8545642806	16
2022.92778001055	56327.4134318662	22
2022.97460689545	56867.2824708986	28
2023.02143378035	109986.540095163	41
2023.06826066525	120839.958316287	58
2023.11508755015	116880.350537974	60
2023.16191443505	117905.773772106	56
2023.20874131995	107203.143762182	51
2023.25556820485	46450.8375950149	38
2023.30239508975	20598.9519079575	24
2023.34922197465	11200.3081706256	10
2023.39604885955	1496.74028064202	5
2023.44287574445	99.16778615975	4
2023.48970262935	868.991339355466	0
2023.53652951425	963.897982511994	0
2023.58335639915	1097.56594444309	3
2023.63018328405	2875.33407772427	3
2023.67701016895	3075.40159822205	5
2023.72383705385	7536.62869111431	8
2023.77066393875	9594.42890724668	27
2023.81749082365	16111.8358798421	128.5
2023.86431770855	17090.1276914877	377
2023.91114459345	22253.857180091	527
2023.95797147835	49777.0057038179	647
2024.00479836325	505146.986186524	681
2024.05162524815	534204.248576566	669
2024.09845213305	644486.75111879	538
2024.14527901795	834655.988100227	377
2024.19210590285	873221.261493064	348
2024.23893278775	260005.912154435	233
2024.28575967265	228944.510747814	215
2024.33258655755	250475.439269099	182
