time	diffusion_coefficient	number_of_branches
2016.75794025546	148.021444605299	0
2016.79602576797	187.094792536279	0
2016.83411128047	113.084942011937	0
2016.87219679297	0.168909708328034	0
2016.91028230548	0.130012870008119	0
2016.94836781798	0.0911160485547159	0
2016.98645333049	0.0522192131317994	0
2017.02453884299	0.0617145686245992	0
2017.06262435549	0.0735203766563191	0
2017.100709868	0.105708851312476	0
2017.1387953805	0.348351159624197	0
2017.17688089301	0.590993916088317	0
2017.21496640551	0.83363719653518	0
2017.25305191801	1.37090648010726	0
2017.29113743052	1.31892519475164	0
2017.32922294302	1.56156990936097	0
2017.36730845553	0.212888229023368	0
2017.40539396803	0.475735541682125	0
2017.44347948053	39.9375563382469	0
2017.48156499304	95.1019677877788	0
2017.51965050554	150.264815527695	0
2017.55773601805	205.426080070225	0
2017.59582153055	347.393351862821	0
2017.63390704305	210.731101276955	0
2017.67199255556	7.18955211391352	0
2017.71007806806	0.158515430501602	0
2017.74816358056	83.6610722368408	0
2017.78624909307	0.162777267278334	0
2017.82433460557	0.201963249693444	0
2017.86242011808	15.915739329675	0
2017.90050563058	76.057727208735	0
2017.93859114308	0.632986802560036	0
2017.97667665559	1.76087076942874	0
2018.01476216809	86.247216057305	0
2018.0528476806	85.5932074688502	0
2018.0909331931	2.21556994284213	0
2018.1290187056	0.0241085899135655	0
2018.16710421811	0.0398879142921019	0
2018.20518973061	0.148084845355063	0
2018.24327524312	0.0714464841217615	0
2018.28136075562	0.576143906736604	0
2018.31944626812	1.97960760509653	0
2018.35753178063	3.72725943004001	0
2018.39561729313	4.61282213297192	0
2018.43370280564	5.49838723490411	0
2018.47178831814	78.5597917258694	0
2018.50987383064	0.175919699494839	0
2018.54795934315	0.0478413371074781	0
2018.58604485565	0.0874257033481386	0
2018.62413036816	2.61218501472405	0
2018.66221588066	20.6280017389652	0
2018.70030139316	34.2393234559344	0
2018.73838690567	121.514630780997	0
2018.77647241817	247.507381633742	0
2018.81455793068	348.585809620828	0
2018.85264344318	443.787942389879	0
2018.89072895568	271.83542999512	0
2018.92881446819	32.3412057693905	0
2018.96689998069	6.2848040079436	0
2019.0049854932	202.318362156736	0
2019.0430710057	297.003447653062	0
2019.0811565182	38.374450786414	0
2019.11924203071	269.981062305317	0
2019.15732754321	352.993971968306	0
2019.19541305571	0.114964113018505	0
2019.23349856822	1.65126571853701	0
2019.27158408072	0.625185562395956	0
2019.30966959323	0.794242874307757	0
2019.34775510573	1.19669875402286	0
2019.38584061823	167.636763744688	0
2019.42392613074	1.53105922505398	0
2019.46201164324	740.351574469129	0
2019.50009715575	597.427768578392	0
2019.53818266825	795.369169020782	0
2019.57626818075	322.639253524914	0
2019.61435369326	405.881845580075	0
2019.65243920576	556.433013661436	0
2019.69052471827	673.331087426069	0
2019.72861023077	167.88073957768	0
2019.76669574327	0.323741127837645	0
2019.80478125578	0.42975475392024	0
2019.84286676828	54.2861428931587	0
2019.88095228079	107.7889198688	0
2019.91903779329	316.984622516582	0
2019.95712330579	592.087134225976	0
2019.9952088183	784.045352037024	0
2020.0332943308	736.508679346162	0
2020.07137984331	818.860808475368	0
2020.10946535581	1386.19877240688	0
2020.14755086831	1353.54613407291	0
2020.18563638082	1082.87688122833	0
2020.22372189332	146.320587357864	0
2020.26180740583	227.940144672747	0
2020.29989291833	715.486822475962	0
2020.33797843083	955.521048035395	0
2020.37606394334	1319.2758475502	0
2020.41414945584	1749.7356882303	0
2020.45223496835	1820.21011589971	0
2020.49032048085	1725.86973234624	0
2020.52840599335	217.474014246215	0
2020.56649150586	456.491631968298	0
2020.60457701836	643.816808023945	0
2020.64266253086	934.534218749362	0
2020.68074804337	1173.55917841641	0
2020.71883355587	1412.58657604329	0
2020.75691906838	468.32228719891	0
2020.79500458088	72.5503822695272	0
2020.83309009338	1171.6178985334	0
2020.87117560589	1275.28437983409	0
2020.90926111839	2181.42687286762	0
2020.9473466309	3972.59309314895	0
2020.9854321434	3785.73149760611	0
2021.0235176559	3099.12115374672	0
2021.06160316841	2286.02765052731	0
2021.09968868091	2531.10195689274	0
2021.13777419342	1040.14351837378	0
2021.17585970592	2164.92353796357	0
2021.21394521842	4279.47077669012	0
2021.25203073093	4299.36853420473	0
2021.29011624343	4219.57414030644	0
2021.32820175594	3991.05234566911	0
2021.36628726844	2082.46848432123	0
2021.40437278094	3128.7347662769	0
2021.44245829345	4304.79790901523	0
2021.48054380595	5772.0010476827	0
2021.51862931846	4483.80481696557	0
2021.55671483096	3700.52327828709	0
2021.59480034346	2890.71643385198	0
2021.63288585597	11.1631341986681	0
2021.67097136847	0.212737430297834	0
2021.70905688098	569.137365219088	0
2021.74714239348	192.893726322061	0
2021.78522790598	131.828915823527	0
2021.82331341849	787.970446652267	0
2021.86139893099	250.193406850114	0
2021.8994844435	962.273348402459	0
2021.937569956	2143.28474271876	0
2021.9756554685	3765.02784475608	0
2022.01374098101	1896.17729183619	0
2022.05182649351	1701.62118723338	0
2022.08991200602	1142.6473386807	0
2022.12799751852	1165.24657074246	0
2022.16608303102	792.371630581962	0
2022.20416854353	2593.93170844261	0
2022.24225405603	1638.6642463023	0
2022.28033956853	1453.48784766849	0
2022.31842508104	2731.36004435034	0
2022.35651059354	2570.63118479992	0
2022.39459610605	2385.85604091241	3
2022.43268161855	1903.67732183104	3
2022.47076713105	1524.82645368512	3
2022.50885264356	1323.12127937618	3
2022.54693815606	2646.67167957088	5
2022.58502366857	8468.89738650427	5
2022.62310918107	51669.4443713154	7
2022.66119469357	107893.718775891	9
2022.69928020608	210813.908726474	13
2022.73736571858	171537.698699657	16
2022.77545123109	145258.72540789	18
2022.81353674359	140039.449878588	22
2022.85162225609	246932.32831982	29
2022.8897077686	228498.711666532	40
2022.9277932811	284037.824718598	50
2022.96587879361	574584.708297505	57
2023.00396430611	1120165.37952626	73
2023.04204981861	1117177.35178392	89
2023.08013533112	1446788.48501679	101
2023.11822084362	1464846.6683372	102.5
2023.15630635613	1637785.39111614	94
2023.19439186863	1495028.87288892	86
2023.23247738113	1515108.37779255	78
2023.27056289364	1183772.49471722	59
2023.30864840614	511931.607679899	40
2023.34673391865	584102.213831617	22
2023.38481943115	362719.098755233	11
2023.42290494365	385101.080872097	8
2023.46099045616	204571.647938711	8
2023.49907596866	12912.8259570014	5
2023.53716148117	16703.7258662027	5
2023.57524699367	14731.3204834781	6
2023.61333250617	14734.0621324092	8
2023.65141801868	14817.3291118724	11
2023.68950353118	11513.4143971112	18
2023.72758904368	8256.3209155604	29
2023.76567455619	5753.69805929197	55.5
2023.80376006869	7003.34464501836	140
2023.8418455812	53899.2108653504	315.5
2023.8799310937	69957.3287684925	540
2023.9180166062	131014.247420744	599
2023.95610211871	255103.117788154	665
2023.99418763121	265811.689191131	688.5
2024.03227314372	286134.681122199	698
2024.07035865622	285429.419386053	639
2024.10844416872	357746.518179581	483
2024.14652968123	402427.964681415	369
2024.18461519373	283111.605828717	338
2024.22270070624	130545.282437401	242
2024.26078621874	71062.8026902226	214
2024.29887173124	26917.6490615954	188
2024.33695724375	13446.8536300664	151
