time	diffusion_coefficient	number_of_branches
2015.01403646248	0.0270836696764181	0
2015.06086334738	0.0356290142843409	0
2015.10769023228	0.0441743489298949	0
2015.15451711718	NA	0
2015.20134400208	NA	0
2015.24817088698	NA	0
2015.29499777188	NA	0
2015.34182465678	30.6130206849935	0
2015.38865154168	49.4635720367274	0
2015.43547842658	115.371928956944	0
2015.48230531148	191.488920634343	0
2015.52913219638	262.495315472276	0
2015.57595908128	466.857198167064	0
2015.62278596618	347.128734373121	0
2015.66961285108	158.469715592488	0
2015.71643973598	268.632052455641	0
2015.76326662088	378.788561149406	0
2015.81009350578	488.939177645478	0
2015.85692039068	162.754777624445	0
2015.90374727558	NA	0
2015.95057416048	97.9372436798991	0
2015.99740104538	6.88233944529872	0
2016.04422793028	23.2266654975605	0
2016.09105481518	40.458929361562	0
2016.13788170008	60.862062519121	0
2016.18470858498	32.1885532617444	0
2016.23153546988	83.8374040311673	0
2016.27836235478	93.8046139730136	0
2016.32518923968	138.817483068207	0
2016.37201612458	182.64129708286	0
2016.41884300948	105.990695832455	0
2016.46566989438	86.7918813861211	0
2016.51249677928	129.624689833469	0
2016.55932366418	189.980545062899	0
2016.60615054907	153.152809797462	0
2016.65297743397	191.842920635636	0
2016.69980431887	121.107041253906	0
2016.74663120377	78.1846402035503	0
2016.79345808867	122.248366298954	0
2016.84028497357	130.287787969623	0
2016.88711185847	140.78597174471	0
2016.93393874337	102.359636507974	0
2016.98076562827	117.285352748402	0
2017.02759251317	172.436630720223	0
2017.07441939807	206.548729222678	0
2017.12124628297	282.750149071348	0
2017.16807316787	70.5760255324317	0
2017.21490005277	113.828642929979	0
2017.26172693767	127.708475248189	0
2017.30855382257	182.442218173117	0
2017.35538070747	260.821895766713	0
2017.40220759237	86.2023063549238	0
2017.44903447727	150.881876495983	0
2017.49586136217	202.046922136434	0
2017.54268824707	80.3224395670942	0
2017.58951513197	150.154714363617	0
2017.63634201687	125.624678735874	0
2017.68316890177	113.996204966985	0
2017.72999578667	303.583638730768	0
2017.77682267157	337.865152631461	0
2017.82364955647	329.534646092014	0
2017.87047644137	374.961013775923	0
2017.91730332627	348.524853211361	0
2017.96413021117	99.776643484072	0
2018.01095709607	89.1583117817921	0
2018.05778398097	75.7347568280605	0
2018.10461086587	140.741881030814	0
2018.15143775077	192.051089023164	0
2018.19826463567	160.834843848049	0
2018.24509152057	196.199012491169	0
2018.29191840547	694.404120843952	0
2018.33874529037	613.978102334108	0
2018.38557217527	361.030093521591	0
2018.43239906017	418.237102613286	0
2018.47922594507	474.368140386117	0
2018.52605282997	NA	0
2018.57287971487	NA	0
2018.61970659977	NA	0
2018.66653348467	NA	0
2018.71336036957	NA	0
2018.76018725447	NA	0
2018.80701413937	NA	0
2018.85384102427	NA	0
2018.90066790917	NA	0
2018.94749479407	NA	0
2018.99432167897	NA	0
2019.04114856387	NA	0
2019.08797544877	NA	0
2019.13480233367	NA	0
2019.18162921857	NA	0
2019.22845610347	NA	0
2019.27528298837	NA	0
2019.32210987327	NA	0
2019.36893675817	NA	0
2019.41576364307	NA	0
2019.46259052797	NA	0
2019.50941741287	NA	0
2019.55624429777	NA	0
2019.60307118267	NA	0
2019.64989806757	NA	0
2019.69672495247	NA	0
2019.74355183736	NA	0
2019.79037872226	NA	0
2019.83720560716	NA	0
2019.88403249206	28.8560467200155	0
2019.93085937696	79.5761875707074	0
2019.97768626186	130.297629465777	0
2020.02451314676	181.02036256136	0
2020.07134003166	231.744377082319	0
2020.11816691656	NA	0
2020.16499380146	NA	0
2020.21182068636	NA	0
2020.25864757126	NA	0
2020.30547445616	NA	0
2020.35230134106	NA	0
2020.39912822596	NA	0
2020.44595511086	NA	0
2020.49278199576	NA	0
2020.53960888066	NA	0
2020.58643576556	NA	0
2020.63326265046	NA	0
2020.68008953536	NA	0
2020.72691642026	NA	0
2020.77374330516	NA	0
2020.82057019006	NA	0
2020.86739707496	NA	0
2020.91422395986	NA	0
2020.96105084476	NA	0
2021.00787772966	NA	0
2021.05470461456	3105.64829013509	0
2021.10153149946	2495.60821689663	0
2021.14835838436	1885.48681119355	0
2021.19518526926	1475.14367628779	0
2021.24201215416	1009.51640478654	0
2021.28883903906	543.890872725793	0
2021.33566592396	712.30772602922	0
2021.38249280886	391.56870203728	0
2021.42931969376	70.9100480639541	0
2021.47614657866	NA	0
2021.52297346356	NA	0
2021.56980034846	873.86283939903	0
2021.61662723336	1053.57066368	0
2021.66345411826	804.870862826301	0
2021.71028100316	1525.07605513578	0
2021.75710788806	2276.90617708807	0
2021.80393477296	1485.09056337603	0
2021.85076165786	5109.46758200735	0
2021.89758854276	7361.06132740487	0
2021.94441542766	9034.39686262838	0
2021.99124231256	6260.83144206137	0
2022.03806919746	3675.23869711903	0
2022.08489608236	2313.05787795259	0
2022.13172296726	2391.31701454437	0
2022.17854985216	4288.35677698596	0
2022.22537673706	3026.27301192956	0
2022.27220362196	3414.34444981031	0
2022.31903050686	3805.17669769735	0
2022.36585739176	7841.22200016207	0
2022.41268427666	12254.3787340587	0
2022.45951116156	17286.5803456181	0
2022.50633804646	28699.3506167967	0
2022.55316493136	40281.1810954604	0
2022.59999181626	47899.9385157683	3
2022.64681870116	62834.1100465354	3
2022.69364558606	40201.6382787814	5
2022.74047247096	37948.9787386166	6
2022.78729935586	58047.1545093202	8
2022.83412624075	90556.0995344541	10
2022.88095312565	64482.7092363053	16
2022.92778001055	70245.4864286406	22
2022.97460689545	70014.7566430228	28
2023.02143378035	134117.564254566	41
2023.06826066525	133950.072733285	58
2023.11508755015	130059.752169707	60
2023.16191443505	130795.298009581	56
2023.20874131995	136171.154034195	51
2023.25556820485	89278.1624960414	38
2023.30239508975	25374.3067030593	24
2023.34922197465	22307.3786233965	10
2023.39604885955	3410.08942383742	5
2023.44287574445	183.079410769599	4
2023.48970262935	958.483760606163	0
2023.53652951425	1406.62359561871	0
2023.58335639915	1890.31004350003	3
2023.63018328405	2906.72768125167	3
2023.67701016895	3611.24514974074	5
2023.72383705385	8561.80487401957	8
2023.77066393875	9817.40420269757	27
2023.81749082365	12507.0714952418	128.5
2023.86431770855	14338.0975073838	377
2023.91114459345	18907.3288874689	527
2023.95797147835	75651.552873726	647
2024.00479836325	603209.892900885	681
2024.05162524815	616999.31039583	669
2024.09845213305	749804.182169257	538
2024.14527901795	1250123.34862109	377
2024.19210590285	1400490.7096378	348
2024.23893278775	305269.831969436	233
2024.28575967265	259455.147302145	215
2024.33258655755	296982.326369096	182
