time	95%HPD_lower_value	95%HPD_higher_value
2015.75171398298	5673.80921422774	5673.80921422774
2015.7948432362	7344.17098512218	7344.17098512218
2015.83797248942	9014.85462294677	9014.85462294677
2015.88110174263	NA	NA
2015.92423099585	NA	NA
2015.96736024907	NA	NA
2016.01048950229	NA	NA
2016.05361875551	NA	NA
2016.09674800872	NA	NA
2016.13987726194	NA	NA
2016.18300651516	NA	NA
2016.22613576838	NA	NA
2016.2692650216	NA	NA
2016.31239427482	36.4016656353519	36.4016656353519
2016.35552352803	78.4331353760912	78.4331353760912
2016.39865278125	120.463040785495	120.463040785495
2016.44178203447	2.47342929999253	162.491380554708
2016.48491128769	26.2887556342809	204.518153555564
2016.52804054091	0.496380890576631	50.1040032117344
2016.57116979412	31.1753216351898	73.9191712863263
2016.61429904734	61.8545507201554	14462.3279249384
2016.65742830056	36.6841820471261	8232.30748441585
2016.70055755378	122.056585583137	4334.3535852974
2016.743686807	153.893947070504	2020.57111392237
2016.78681606021	277.832350971841	832.019118507678
2016.82994531343	340.339188927213	471.450589488514
2016.87307456665	412.852436371548	412.852436371548
2016.91620381987	20.6610685356523	109.040440065798
2016.95933307309	23.9522536258688	162.83935715188
2017.00246232631	61.9918723031651	222.810156610623
2017.04559157952	24.9783959700522	138.509289459874
2017.08872083274	57.2364547442099	177.792737500473
2017.13185008596	48.5702528232359	244.683463858076
2017.17497933918	121.75355035229	8150.84140982866
2017.2181085924	31.7012717387327	43094.4008955077
2017.26123784561	76.112139069701	62605.4162730134
2017.30436709883	0.100673690048995	38073.8682028036
2017.34749635205	0.0554539510373064	27355.5235065364
2017.39062560527	0.0155369717916509	21346.7734394799
2017.43375485849	0.168921519458786	18044.5780487943
2017.4768841117	0.225655352199956	2339.71359712751
2017.52001336492	0.282389291271967	370.691782686184
2017.56314261814	1.83298148402437	323.571153090358
2017.60627187136	2.0478000391588	422.730428037577
2017.64940112458	12.4355948070034	638.011316154376
2017.6925303778	12.9121417009987	989.222462103544
2017.73565963101	26.3212273827871	1340.45526854806
2017.77878888423	0.000877063603293667	1691.70956248849
2017.82191813745	0.0104046945855457	746.433540230628
2017.86504739067	0.0016175874791089	891.129969371832
2017.90817664389	0.0294597567557508	830.95763284036
2017.9513058971	0.0122529031715161	1025.01985163383
2017.99443515032	0.0485148672447809	735.709972981899
2018.03756440354	0.119462076111237	935.485362137318
2018.08069365676	0.148923018397425	1135.28746627505
2018.12382290998	0.975213167919488	267.053326555523
2018.1669521632	0.033436142565555	323.980430172236
2018.21008141641	11.7995046598431	156.325939179064
2018.25321066963	0.0196808561254502	73118.3411099507
2018.29633992285	0.0641540221664468	164209.694339951
2018.33946917607	0.156871116874583	255169.2951798
2018.38259842929	0.249588417008596	345967.009133752
2018.4257276825	0.304141858395217	306117.252745557
2018.46885693572	0.435023688721495	1651213.77580883
2018.51198618894	0.527741649900146	622227.525975157
2018.55511544216	0.161813941980919	383341.436157456
2018.59824469538	0.639746960185076	276996.984955547
2018.6413739486	0.00189382439355408	216842.181867646
2018.68450320181	0.0231556723326757	246274.244554249
2018.72763245503	0.044418064542187	1562.50718426897
2018.77076170825	0.065680438540621	2310.90083134144
2018.81389096147	0.0869428333032359	3059.47958289185
2018.85702021469	0.0214900773023208	3808.24266976116
2018.9001494679	0.209265694296955	1533.6405635655
2018.94327872112	0.000539347451718601	134541.85103885
2018.98640797434	0.00564409450086858	466630.412121933
2019.02953722756	0.010748933228055	634094.930693028
2019.07266648078	0.0158537750735879	397069.743093011
2019.11579573399	0.020958636890238	289149.856145487
2019.15892498721	0.0260634813032248	227473.940496583
2019.20205424043	394.06240235958	166777.926198201
2019.24518349365	1.20459640483575	21587.2593656605
2019.28831274687	0.221455537314332	5699.13871761368
2019.33144200009	5.25194924732884	7270.26394011531
2019.3745712533	0.216693408203458	8841.86353878879
2019.41770050652	0.0052035700770719	4184.77265235898
2019.46082975974	0.0143634424391649	5801.16886091671
2019.50395901296	0.023523407748604	7417.35476278055
2019.54708826618	0.00782577432403897	9033.32508981727
2019.59021751939	0.0241924767473074	17103.462649083
2019.63334677261	0.0405592091696604	29294.9309186908
2019.67647602583	0.0569259306622206	41498.633723556
2019.71960527905	0.0732926134691714	53714.3553811282
2019.76273453227	0.0896593026742985	65941.8812772478
2019.80586378549	0.245653935067455	1599.3482919403
2019.8489930387	15.8485219208145	1979.81721849195
2019.89212229192	9.36174354730905	1034.07503035227
2019.93525154514	22.9523963108359	13469.9120694821
2019.97838079836	0.0691695773818006	7609.76262810462
2020.02151005158	0.0463035441571402	116607.773418259
2020.06463930479	0.0376449002635379	66782.9432779739
2020.10776855801	0.0388054242841645	35150.4186702931
2020.15089781123	0.0470353966638471	15769.6870361205
2020.19402706445	133.276411999003	7446.93575477799
2020.23715631767	0.0124723776431001	4353.01982158177
2020.28028557088	0.027143185952729	2777.67040128504
2020.3234148241	0.041814023634965	2288.03414049758
2020.36654407732	0.0564848406033695	2601.45534482891
2020.40967333054	0.0711556712645368	0.0711556712645368
2020.45280258376	NA	NA
2020.49593183698	NA	NA
2020.53906109019	NA	NA
2020.58219034341	0.116685733546722	7062.79926555025
2020.62531959663	0.0654960733103668	4064.48466665445
2020.66844884985	0.0335805950217926	2192.90775897965
2020.71157810307	0.0148839576727036	1081.02540819479
2020.75470735628	0.00564688417440476	670.294911534771
2020.7978366095	0.00341213000958672	1591.13167201359
2020.84096586272	5.70282011607306	10922.5232386183
2020.88409511594	2667.64596628041	5818.0248506564
2020.92722436916	4.94893361430824	5742.51031386911
2020.97035362238	330.384536109681	8176.02682956044
2021.01348287559	1027.98616407466	3107.30804704047
2021.05661212881	821.71165675954	4497.36162501228
2021.09974138203	318.429313137473	6221.50961553388
2021.14287063525	66.2253713491828	7295.8293645126
2021.18599988847	15.8748214936934	10911.1871899086
2021.22912914168	8.91582704657108	6580.1442816027
2021.2722583949	4.57271815350149	8069.9443234033
2021.31538764812	0.0152937301244456	6202.99033096362
2021.35851690134	0.0217450222802214	5496.62104905254
2021.40164615456	0.0378618276305182	7505.72838143939
2021.44477540777	0.060540853568312	59358.0761135019
2021.48790466099	0.0878788771833266	164996.912704493
2021.53103391421	0.118643781250408	303534.606644043
2021.57416316743	1.72089273982599	274136.397068578
2021.61729242065	0.0478096610528451	231742.245550503
2021.66042167387	0.220278664649148	255471.939575137
2021.70355092708	0.552576476951305	99503.0421340967
2021.7466801803	0.0811980019237554	21094.4974960747
2021.78980943352	0.250505781180084	24836.3759214006
2021.83293868674	0.00606732833328321	13293.0863518019
2021.87606793996	0.0359191958120838	12479.2402512879
2021.91919719317	0.0865899940445803	17771.0151279464
2021.96232644639	0.151348684483649	29219.1243991105
2022.00545569961	0.124176779036177	42139.3674361951
2022.04858495283	0.110827256271459	39685.36056956
2022.09171420605	0.0848528556985304	136646.773538204
2022.13484345927	0.0718703188763951	113378.434226525
2022.17797271248	0.0935255101289451	69808.4462181132
2022.2211019657	0.00925274040369118	80317.7451818728
2022.26423121892	0.0906578946163762	102375.998300343
2022.30736047214	0.0842711625785757	85935.7230993529
2022.35048972536	0.05686896546491	203604.323218811
2022.39361897857	0.00270503998757041	228807.061299966
2022.43674823179	0.0664916156494925	218628.111959599
2022.47987748501	0.0731777960604736	194199.280878793
2022.52300673823	0.0221026479947386	256260.535357183
2022.56613599145	0.00734725573078077	258655.259722475
2022.60926524466	0.029452604164614	273489.802013062
2022.65239449788	0.0448742988644151	377930.366133694
2022.6955237511	0.0871836885219591	285990.390797772
2022.73865300432	0.157657112926509	208744.008031295
2022.78178225754	0.304876832050538	177210.888465505
2022.82491151076	18.7831543848594	169321.547262249
2022.86804076397	50795.595253956	205456.593193935
2022.91117001719	75721.186884229	230841.660128666
2022.95429927041	124190.573192318	267679.470997915
2022.99742852363	176380.742341982	276989.291612489
2023.04055777685	189941.940544488	281578.981793085
2023.08368703006	201288.670063205	310947.035189297
2023.12681628328	209707.527152613	297957.649946518
2023.1699455365	183863.976875607	316167.079664946
2023.21307478972	174762.905936514	317405.461447756
2023.25620404294	186047.874963441	356279.599730193
2023.29933329616	160170.008922747	372945.177233393
2023.34246254937	176207.992098486	447923.744223265
2023.38559180259	100441.790433238	505781.193398645
2023.42872105581	36345.4095987469	913778.953149339
2023.47185030903	2069.47879388538	907176.977990586
2023.51497956225	0.0475820199683653	302378.822440483
2023.55810881546	0.081567843872589	204514.377086761
2023.60123806868	0.10219980786237	158067.354226974
2023.6443673219	0.0492924018118103	73054.4028672054
2023.68749657512	0.22776279006799	41331.2146002158
2023.73062582834	1954.99567085244	38722.8690066973
2023.77375508156	3301.2265822347	30234.4512075824
2023.81688433477	25252.8949850228	50352.8751255989
2023.86001358799	21441.434106359	39958.5536629756
2023.90314284121	22537.9453158043	161473.115168256
2023.94627209443	116792.69396005	422489.873567101
2023.98940134765	220342.826452352	488266.903786975
2024.03253060086	383587.539589123	508852.535686211
2024.07565985408	450729.622828015	582518.217836121
2024.1187891073	537078.705081161	745689.45629775
2024.16191836052	385376.36955929	720567.357956102
2024.20504761374	136795.869354666	625115.989640688
2024.24817686695	36282.2107109468	268396.93471344
2024.29130612017	16606.2732510905	213308.847051737
2024.33443537339	1746.17331013898	150422.064286698
