time	tree_1	tree_2	tree_3	tree_4	tree_5	tree_6	tree_7	tree_8	tree_9	tree_10	tree_11	tree_12	tree_13	tree_14	tree_15	tree_16	tree_17	tree_18	tree_19	tree_20	tree_21	tree_22	tree_23	tree_24	tree_25	tree_26	tree_27	tree_28	tree_29	tree_30	tree_31	tree_32	tree_33	tree_34	tree_35	tree_36	tree_37	tree_38	tree_39	tree_40	tree_41	tree_42	tree_43	tree_44	tree_45	tree_46	tree_47	tree_48	tree_49	tree_50	tree_51	tree_52	tree_53	tree_54	tree_55	tree_56	tree_57	tree_58	tree_59	tree_60	tree_61	tree_62	tree_63	tree_64	tree_65	tree_66	tree_67	tree_68	tree_69	tree_70	tree_71	tree_72	tree_73	tree_74	tree_75	tree_76	tree_77	tree_78	tree_79	tree_80	tree_81	tree_82	tree_83	tree_84	tree_85	tree_86	tree_87	tree_88	tree_89	tree_90	tree_91	tree_92	tree_93	tree_94	tree_95	tree_96	tree_97	tree_98	tree_99	tree_100
2016.75794025546	0	0	0	0	0	0	0	0	0	0	0	0	0	0	0	0	0	0	0	0	0	0	0	0	0	0	0	0	0	0	0	0	0	0	0	0	0	0	0	0	0	0	0	0	0	2	0	0	0	0	0	0	0	2	4	0	2	0	0	0	0	0	0	0	0	0	0	0	0	0	0	0	0	0	0	0	0	0	0	0	0	0	0	0	0	0	0	0	0	0	0	0	0	0	0	0	0	0	0	0
2016.79602576797	0	0	0	0	0	0	0	0	0	0	0	0	0	0	0	0	0	0	0	0	0	0	0	0	0	0	0	0	0	0	0	0	0	0	0	0	0	0	0	0	0	0	0	0	0	2	0	0	0	0	0	0	0	2	4	0	2	0	0	0	0	0	0	0	0	0	0	0	0	0	0	0	0	0	0	0	0	0	0	0	0	0	0	0	0	0	0	0	0	0	0	0	0	0	0	0	0	0	0	0
2016.83411128047	0	0	0	0	0	0	0	0	0	0	0	0	0	0	0	0	0	0	0	0	0	0	0	0	0	0	0	0	0	0	0	0	0	0	0	0	0	0	0	0	0	0	0	0	0	2	0	0	0	0	0	0	0	2	4	0	2	0	0	0	0	0	0	0	0	0	0	0	0	0	0	0	0	0	0	0	0	0	0	0	0	0	0	0	0	0	0	0	0	0	0	0	0	0	0	0	0	0	0	0
2016.87219679297	0	0	0	0	0	0	0	0	0	0	0	0	0	0	0	0	0	0	0	0	0	0	0	0	0	0	0	0	0	0	0	0	0	0	0	0	0	0	0	0	0	0	0	0	0	2	0	0	0	0	0	0	0	2	4	0	4	0	0	0	0	0	0	0	0	0	0	0	0	0	0	0	0	0	0	0	0	0	0	0	0	0	0	0	0	0	0	0	0	0	0	0	0	0	0	0	0	0	0	0
2016.91028230548	0	0	0	0	0	0	0	0	0	0	0	0	0	0	0	0	0	0	0	0	0	0	0	0	0	0	2	0	0	0	0	0	0	0	0	0	0	0	0	0	0	0	0	0	0	2	0	0	0	0	0	0	0	2	4	0	4	0	0	0	0	0	0	0	0	0	0	0	0	0	0	0	0	0	0	0	0	0	0	0	0	0	0	0	0	0	0	0	0	0	0	0	0	0	0	0	0	0	0	0
2016.94836781798	0	0	0	0	0	0	0	0	0	0	0	0	0	0	0	0	0	0	0	0	0	0	0	0	0	0	2	0	0	0	0	0	0	0	0	0	0	0	0	0	0	0	0	0	0	2	0	0	0	0	0	0	0	2	4	0	4	0	0	0	0	0	0	0	0	0	0	0	0	0	0	0	0	0	0	0	0	0	0	0	0	0	0	0	0	0	0	0	0	0	0	0	0	0	0	0	0	0	0	0
2016.98645333049	0	0	0	0	0	0	0	0	0	2	0	0	0	0	0	0	0	0	0	0	0	0	0	0	0	0	2	0	2	0	0	0	0	0	0	0	0	0	0	0	2	0	0	0	0	4	0	0	0	0	0	0	0	2	4	0	4	0	0	0	0	0	0	0	0	0	0	0	0	0	0	0	0	0	0	0	0	0	0	0	0	0	0	0	0	0	0	0	0	0	0	0	0	0	0	0	0	0	0	0
2017.02453884299	0	0	0	0	0	0	0	0	0	2	0	0	0	0	0	0	0	0	0	0	0	0	0	0	0	0	2	0	2	0	0	0	0	0	0	0	0	0	0	0	2	0	0	0	0	4	0	0	0	0	0	0	0	4	4	0	4	0	0	0	0	0	0	0	0	0	0	0	0	0	0	0	0	0	0	0	0	0	0	0	0	0	0	0	0	0	0	0	0	0	0	0	0	0	0	0	0	0	0	0
2017.06262435549	0	0	0	0	0	0	0	0	0	4	0	0	0	0	0	0	0	0	0	0	0	0	0	2	0	0	2	0	2	0	0	0	0	0	0	0	0	0	0	0	4	0	0	0	0	4	0	0	0	0	0	0	0	4	4	0	4	0	0	0	0	0	0	0	0	0	0	0	0	0	0	0	0	0	0	0	0	0	0	0	0	0	0	0	0	0	0	0	0	0	0	0	0	0	0	0	0	0	0	0
2017.100709868	0	0	0	0	0	0	0	0	0	4	0	0	0	0	0	0	0	0	0	0	0	0	0	2	0	0	2	0	2	2	0	0	0	0	0	0	0	0	0	0	4	0	0	0	0	4	0	0	0	0	0	0	0	4	4	0	4	0	0	0	0	0	0	0	0	0	0	0	0	0	0	0	0	0	0	0	0	0	0	0	0	0	0	0	0	0	0	2	0	0	0	0	0	0	0	0	0	0	0	0
2017.1387953805	0	0	0	0	0	0	0	0	0	4	0	0	0	0	0	0	0	0	0	0	0	0	0	2	0	0	2	0	2	2	0	0	0	0	0	0	0	0	0	0	4	0	0	0	0	4	0	0	0	0	0	0	0	4	4	0	4	0	0	0	0	0	0	0	0	0	0	0	0	0	0	0	0	0	0	0	0	0	0	0	0	2	0	0	0	0	0	2	0	0	0	0	0	0	0	0	0	0	0	0
2017.17688089301	0	0	0	0	0	0	0	0	0	4	0	0	0	0	0	0	0	0	0	0	0	0	0	2	0	0	2	0	2	2	0	0	0	0	0	0	0	0	0	0	4	0	0	0	0	4	0	0	0	0	0	0	0	4	4	0	4	0	0	0	0	0	0	0	0	0	0	0	0	0	0	0	0	0	0	0	0	0	0	0	0	2	0	0	0	0	0	2	0	0	0	0	0	0	0	0	0	0	0	0
2017.21496640551	0	0	0	0	0	0	0	0	0	4	0	0	0	0	0	0	0	0	0	0	0	0	0	2	0	0	2	0	2	2	0	0	0	0	0	0	0	0	0	0	4	0	0	0	0	4	0	0	0	0	0	0	0	4	4	0	4	0	0	0	0	0	0	0	0	0	0	0	0	0	0	0	0	0	0	0	0	0	0	0	0	2	0	0	0	0	0	2	0	0	0	0	0	0	0	0	0	0	0	0
2017.25305191801	0	0	0	0	0	0	0	0	0	4	0	0	0	0	0	0	0	0	0	0	0	0	0	2	0	0	2	0	2	2	0	0	0	0	0	0	0	0	0	0	4	0	0	0	0	4	0	0	0	0	0	0	0	4	3	0	4	0	0	0	0	0	0	0	0	0	0	0	0	0	0	0	0	0	0	0	0	0	0	0	0	2	0	0	0	0	0	2	0	0	0	0	0	0	0	0	0	0	0	0
2017.29113743052	0	0	0	0	0	0	0	0	0	4	0	0	0	0	0	0	0	0	0	0	0	0	0	2	0	0	2	0	2	4	0	0	0	0	0	0	0	0	0	0	4	0	0	0	0	4	0	0	0	0	0	0	0	4	3	0	4	0	0	0	0	0	0	0	0	0	0	0	0	0	0	0	0	0	0	0	0	0	0	0	0	2	0	0	0	0	0	2	0	0	2	0	0	0	0	0	0	0	0	0
2017.32922294302	0	0	0	0	0	0	0	0	0	4	0	0	0	0	0	0	0	0	0	0	0	0	0	2	0	0	2	0	2	4	0	0	0	0	0	0	0	0	0	0	4	0	0	0	0	4	0	0	0	0	0	0	0	4	3	0	4	0	0	0	0	0	0	0	0	0	0	0	0	0	0	0	0	0	0	0	0	0	0	0	0	2	0	0	0	0	0	2	0	0	2	0	0	0	2	0	0	0	0	0
2017.36730845553	0	0	0	0	0	0	0	0	0	4	0	0	0	0	0	0	0	0	0	0	0	0	0	2	0	0	2	0	2	4	0	0	0	0	0	0	0	0	0	0	4	0	0	0	0	4	0	0	0	0	0	0	0	4	3	0	4	0	0	0	0	0	2	0	0	0	0	0	0	0	0	0	0	0	0	0	0	0	0	0	0	2	0	0	0	0	0	2	0	0	2	0	0	0	2	0	0	0	0	0
2017.40539396803	0	0	0	0	0	0	0	0	0	4	0	0	0	0	0	0	2	0	0	0	0	0	0	2	0	0	2	0	2	4	0	0	0	0	0	0	0	0	0	0	4	0	0	0	0	4	0	0	0	0	0	0	0	4	0	0	4	0	0	0	0	0	2	0	0	2	0	0	0	0	0	0	0	0	0	0	0	0	0	0	0	2	0	0	0	0	0	2	0	0	2	0	0	0	2	0	0	0	0	0
2017.44347948053	0	0	0	0	0	0	0	0	0	4	0	0	0	0	0	0	2	0	0	0	0	0	0	2	0	0	2	0	2	4	0	0	0	0	0	0	0	0	0	0	4	0	0	0	0	4	0	0	0	0	2	0	0	4	0	0	4	0	0	0	0	0	2	0	0	2	0	0	0	0	0	0	0	0	0	0	0	0	0	0	0	2	0	0	0	0	0	2	0	0	2	0	0	0	2	0	0	0	0	0
2017.48156499304	0	0	0	0	0	0	0	2	0	4	0	0	0	0	0	0	4	0	0	0	0	0	0	2	0	0	2	2	2	4	0	0	0	0	0	0	0	0	0	0	4	0	0	0	0	4	0	0	0	0	2	0	0	4	0	0	3	0	0	0	0	0	2	0	0	4	0	0	0	0	0	0	0	0	0	0	0	0	0	0	0	2	0	0	0	0	0	2	0	0	2	0	0	0	2	0	0	0	0	0
2017.51965050554	0	0	0	0	0	0	0	2	0	4	0	0	0	0	0	0	4	0	0	0	0	0	0	2	0	0	2	2	2	4	0	0	0	0	0	0	0	0	0	0	4	0	0	0	0	4	0	0	0	0	2	0	0	4	0	0	3	0	0	0	0	0	2	0	0	4	0	0	0	0	0	0	0	0	0	0	0	0	0	0	0	2	0	0	0	0	0	2	0	0	2	0	0	0	2	0	0	0	0	0
2017.55773601805	0	0	0	0	0	0	0	2	0	4	0	0	0	0	0	0	4	0	0	0	0	0	0	2	0	0	2	2	2	4	0	0	0	0	0	0	0	0	0	0	4	0	0	0	0	4	0	0	0	0	2	0	0	4	0	0	3	0	0	0	0	0	2	0	0	4	0	0	0	0	0	0	0	0	0	0	0	0	0	2	0	2	0	0	0	0	0	2	0	0	2	0	0	0	2	0	0	0	0	0
2017.59582153055	0	0	0	0	0	0	0	2	0	4	0	0	0	0	0	0	4	0	0	0	0	0	0	2	0	0	2	2	2	4	0	0	0	0	0	0	0	0	0	0	4	0	0	0	0	4	0	0	0	0	2	0	0	4	0	0	3	0	0	0	0	0	2	0	0	4	0	0	0	0	0	0	0	0	0	0	0	0	0	2	0	2	0	0	0	0	0	2	0	0	2	0	0	0	2	0	0	0	0	0
2017.63390704305	0	0	0	0	0	0	0	2	0	4	0	0	0	0	0	0	4	0	0	0	0	0	0	2	0	0	2	2	2	4	0	0	0	0	0	0	0	0	0	0	4	0	0	0	0	4	0	0	0	0	2	0	0	4	0	0	3	0	0	0	0	0	4	0	0	4	0	0	0	0	0	0	0	0	0	0	0	0	0	2	0	2	0	0	0	0	0	2	0	0	2	0	0	0	2	0	0	0	0	0
2017.67199255556	0	0	0	0	0	0	0	2	0	4	0	0	0	0	0	0	4	0	0	0	0	0	0	2	0	0	2	2	2	4	0	0	0	0	0	0	0	0	0	0	4	0	0	0	0	4	0	0	0	0	2	0	0	4	0	0	3	0	0	0	0	0	4	0	0	4	0	0	0	0	0	0	0	0	0	0	2	0	0	2	0	2	0	0	0	0	0	2	0	0	2	0	0	0	2	0	0	0	0	0
2017.71007806806	0	0	0	0	0	0	2	2	0	4	0	0	0	0	0	0	4	0	0	0	0	0	0	2	0	0	2	2	2	4	0	0	0	2	0	0	0	0	0	0	4	0	0	0	0	4	0	0	0	0	2	0	0	3	0	0	3	0	0	0	0	0	4	0	0	4	0	0	0	0	0	0	0	0	0	0	2	0	0	2	0	2	0	0	0	0	0	2	0	0	2	0	0	0	2	0	0	0	0	0
2017.74816358056	0	0	0	0	0	0	2	2	0	4	0	0	0	2	0	0	4	0	0	0	0	0	0	2	0	0	2	2	2	4	0	0	0	2	0	0	0	0	0	0	4	0	0	0	0	3	0	0	0	0	2	0	0	3	0	0	3	0	0	0	0	0	4	0	0	4	0	0	0	0	0	0	0	0	0	2	2	0	0	4	0	2	0	0	0	0	0	2	0	0	2	0	0	0	2	0	0	0	0	0
2017.78624909307	0	0	0	0	0	0	2	2	0	4	0	0	0	2	0	0	4	0	0	0	0	0	0	2	0	0	2	2	2	4	0	0	0	2	0	0	0	0	0	0	4	0	0	0	0	3	0	0	0	0	2	0	0	3	0	0	3	0	0	0	0	0	4	0	0	4	0	0	0	0	0	0	0	0	0	2	2	0	0	4	0	2	0	0	0	0	0	2	0	0	2	0	0	0	2	0	0	0	0	0
2017.82433460557	0	0	0	0	0	0	2	2	0	4	0	0	0	2	0	0	4	0	0	0	2	0	0	2	0	0	2	2	2	4	0	0	0	2	0	0	0	0	0	0	4	0	0	2	0	3	0	0	0	0	2	0	0	3	0	0	3	0	0	0	0	0	4	0	0	4	0	0	0	0	0	0	0	0	0	2	2	0	0	4	0	2	0	0	0	0	0	2	0	2	2	0	0	0	2	0	0	0	0	0
2017.86242011808	0	0	0	0	0	0	2	2	0	4	0	0	0	2	0	0	4	0	0	0	2	0	0	2	0	0	2	2	2	4	0	0	0	2	0	0	0	0	0	0	4	0	0	2	0	3	0	0	0	0	2	0	0	3	0	0	3	0	0	0	0	0	4	0	0	4	0	0	0	0	0	0	0	0	0	2	2	0	0	4	0	2	0	0	0	0	0	2	0	2	2	0	0	0	2	0	2	2	0	0
2017.90050563058	0	0	0	0	0	0	2	2	0	4	0	0	0	2	0	0	4	0	0	0	2	0	0	2	0	0	0	2	2	4	0	0	0	2	0	0	0	0	0	0	4	0	0	2	0	3	0	0	0	0	2	0	0	3	0	0	0	0	0	0	0	0	4	0	0	4	0	0	0	0	0	0	0	0	0	2	2	0	0	4	0	2	0	0	0	0	0	2	0	2	2	0	0	0	2	0	2	2	0	0
2017.93859114308	0	0	0	0	0	0	2	2	0	4	0	0	0	2	0	0	4	0	0	0	2	0	0	2	0	0	0	2	2	4	0	0	0	2	0	0	2	0	0	0	4	0	0	2	0	3	0	0	0	0	2	0	0	3	0	0	0	0	0	0	0	0	4	0	0	4	0	0	0	0	0	0	0	0	0	2	2	0	0	4	0	2	0	0	0	0	0	2	0	2	2	0	0	0	2	0	2	4	0	0
2017.97667665559	0	0	0	0	0	0	2	2	0	3	0	0	0	2	0	0	4	0	0	0	4	0	0	2	0	0	0	2	0	4	0	0	0	2	0	0	2	0	0	0	3	0	0	2	0	0	0	0	0	0	2	0	2	3	0	0	0	0	0	0	0	0	4	0	0	4	0	0	0	0	0	0	0	0	0	2	2	0	0	4	0	2	0	0	0	0	0	2	0	2	2	0	0	0	2	0	2	4	0	0
2018.01476216809	0	0	0	0	0	0	2	2	0	3	0	0	0	2	0	0	4	0	0	0	4	0	0	2	0	0	0	2	0	4	0	0	0	2	0	0	2	0	0	0	3	0	0	2	0	0	0	0	0	0	2	0	2	0	0	0	0	0	0	0	0	0	4	0	0	4	0	0	0	0	0	0	0	0	0	2	2	2	0	4	0	2	0	0	0	0	0	2	0	2	2	0	0	0	2	0	2	4	0	0
2018.0528476806	0	0	0	0	0	0	2	2	0	0	0	0	2	2	0	0	4	0	0	0	4	0	0	0	0	4	0	4	0	4	0	0	0	2	0	0	2	0	0	0	0	0	0	2	0	0	0	0	0	0	2	0	2	0	0	0	0	0	0	0	0	0	4	0	0	4	0	0	0	0	0	0	0	0	0	2	2	2	0	4	0	2	0	0	0	0	0	2	0	2	2	0	0	0	2	0	2	4	0	0
2018.0909331931	0	0	0	0	0	0	2	2	0	0	0	0	2	2	0	0	4	0	0	0	4	0	0	0	0	4	0	4	0	3	0	0	0	2	0	0	2	0	0	0	0	0	0	2	0	0	0	0	0	0	2	0	2	0	0	0	0	0	0	0	0	0	4	0	0	4	0	0	0	0	0	0	0	0	0	2	2	4	0	4	0	2	0	0	0	0	0	0	0	2	2	0	0	0	2	0	2	4	0	0
2018.1290187056	2	0	0	0	2	0	2	2	0	0	0	0	2	2	0	0	4	0	0	0	4	0	0	0	0	4	0	4	0	3	0	0	2	2	0	0	2	0	0	0	0	0	0	2	0	0	0	0	0	0	2	0	2	0	0	0	0	0	0	0	0	0	4	0	0	4	0	0	0	0	0	0	2	0	0	2	2	4	0	4	0	0	0	0	0	0	0	0	0	2	2	0	0	0	2	0	2	4	0	0
2018.16710421811	2	0	0	0	2	0	2	2	0	0	0	0	2	2	0	0	4	0	0	0	4	0	0	0	0	4	0	4	0	3	0	0	2	2	0	0	2	0	0	0	0	0	0	2	0	0	0	0	0	2	2	0	2	0	0	0	0	0	0	0	0	0	4	0	0	4	0	0	0	0	0	0	4	0	0	2	2	4	2	4	0	0	0	0	0	0	0	0	0	2	2	0	0	0	2	0	2	4	0	0
2018.20518973061	2	0	0	0	2	0	2	2	0	0	0	0	2	2	0	0	4	0	0	0	4	0	0	0	0	4	0	4	0	3	0	0	2	2	0	0	2	0	0	0	0	0	0	2	0	0	0	0	0	2	4	0	2	0	0	0	0	0	0	0	0	0	4	0	0	4	0	0	0	0	0	0	4	0	0	2	2	4	2	4	0	0	0	0	0	0	0	0	0	2	2	0	0	0	2	0	2	4	0	0
2018.24327524312	2	0	0	0	2	0	2	2	0	0	0	0	2	4	0	0	4	0	0	0	4	0	0	0	0	4	0	4	0	3	0	0	2	2	2	0	2	0	0	0	0	0	0	4	0	0	0	0	0	2	4	0	2	0	0	0	0	0	0	0	0	0	4	0	0	4	0	0	0	0	0	0	4	0	0	2	2	4	2	4	0	0	0	0	0	0	0	0	0	2	2	0	0	0	2	0	2	4	0	0
2018.28136075562	2	0	2	0	2	0	2	2	0	0	0	0	2	4	0	2	4	0	0	0	4	0	0	0	0	4	0	4	0	3	0	0	2	2	2	0	2	0	0	0	0	0	0	4	0	0	0	0	0	2	4	0	2	0	0	0	0	0	0	0	0	0	4	0	0	4	0	0	0	0	0	0	4	0	0	2	2	4	2	4	0	0	0	0	0	0	0	0	0	2	2	0	0	0	2	0	2	4	0	0
2018.31944626812	4	0	2	0	2	0	2	2	0	0	0	0	2	4	0	2	4	0	0	0	4	0	0	0	0	4	0	4	0	0	0	0	2	2	2	0	2	0	0	0	0	0	0	4	0	0	0	0	0	2	4	2	2	0	0	0	0	0	0	0	0	0	4	0	0	4	0	0	0	0	0	0	4	0	0	2	2	4	2	4	0	0	0	0	0	0	0	0	2	2	0	0	0	0	0	0	2	4	0	0
2018.35753178063	4	0	4	0	2	0	2	4	0	0	0	0	2	4	0	2	4	0	0	0	4	0	0	0	0	4	0	4	0	0	0	0	2	2	2	0	2	0	0	0	0	0	0	4	0	0	0	0	0	2	4	2	2	0	0	0	0	0	0	0	0	0	3	0	0	4	0	0	0	0	0	0	4	0	0	2	2	4	2	4	0	0	0	0	0	0	0	0	4	2	0	0	0	0	0	0	2	4	0	0
2018.39561729313	4	0	4	0	2	0	2	4	0	0	0	0	2	4	0	2	4	2	0	0	4	0	0	0	0	4	0	4	0	0	0	0	2	2	2	0	2	0	0	0	0	0	0	4	0	0	0	0	0	2	4	2	2	0	0	0	0	0	0	0	0	0	3	0	0	4	0	0	0	0	0	0	4	0	0	2	2	4	2	4	0	0	0	0	0	2	0	0	4	2	0	0	0	0	0	0	2	4	0	0
2018.43370280564	4	0	4	0	2	0	2	4	0	0	0	0	4	4	0	2	3	2	0	0	4	0	0	0	0	4	0	4	0	0	0	0	2	2	2	0	2	0	0	0	0	0	0	4	0	0	0	0	0	2	4	2	2	0	0	0	0	0	0	0	0	0	3	0	0	3	0	0	0	0	0	0	4	0	0	2	2	4	2	4	0	0	0	0	0	2	0	0	4	2	0	0	0	0	0	0	2	4	0	0
2018.47178831814	4	0	4	0	2	0	2	3	0	0	0	0	4	4	0	2	3	2	0	0	4	2	0	0	0	4	0	3	0	0	0	0	2	2	2	0	2	0	0	0	0	0	0	4	0	0	0	0	0	2	3	2	2	0	0	0	0	0	0	0	0	0	3	0	0	3	0	0	0	0	0	0	4	0	0	2	2	4	2	4	0	0	0	0	0	2	0	0	4	2	0	0	0	0	0	0	2	4	0	0
2018.50987383064	4	0	4	0	2	0	2	3	0	0	0	0	4	4	0	4	0	2	0	0	4	2	0	0	0	4	0	3	0	0	0	0	2	2	2	0	2	0	0	0	0	0	0	4	0	0	0	0	0	2	3	2	2	0	0	0	0	0	0	0	0	0	3	0	0	0	0	0	2	0	0	0	4	0	0	2	2	4	2	4	0	0	0	0	0	2	0	0	4	2	0	0	0	0	0	0	2	4	0	0
2018.54795934315	4	0	4	0	2	0	2	3	0	0	0	0	4	4	4	4	0	2	0	0	4	2	0	0	0	4	0	3	0	0	0	0	2	2	2	0	4	0	0	0	0	0	0	4	0	0	0	0	0	2	3	2	2	0	0	0	0	0	0	0	0	0	3	0	0	0	0	0	4	0	0	0	4	0	2	2	2	4	2	3	0	0	0	0	0	2	0	0	4	2	0	0	0	0	0	0	2	4	4	0
2018.58604485565	4	0	4	0	2	0	2	3	0	0	0	0	4	4	4	4	0	2	0	0	4	4	0	0	2	4	0	3	0	0	0	0	2	2	2	0	4	0	0	0	0	0	0	4	0	0	0	0	0	2	3	2	2	0	0	0	0	0	0	0	0	0	3	0	0	0	0	0	4	0	0	0	4	0	2	2	2	4	2	3	0	0	0	0	0	2	0	0	4	2	0	2	0	0	0	0	2	4	4	0
2018.62413036816	4	0	4	0	2	0	2	3	0	0	0	0	4	4	4	4	0	2	0	0	4	4	0	0	2	4	0	3	0	0	0	0	2	2	2	2	4	0	0	0	0	0	0	4	0	0	2	0	2	2	3	2	2	0	0	0	0	0	0	0	0	0	0	0	0	0	0	0	4	2	0	0	4	0	2	2	2	4	2	3	0	0	0	0	0	2	0	0	4	2	0	2	0	0	0	0	2	4	4	0
2018.66221588066	4	0	4	0	2	0	2	3	0	0	0	0	4	4	4	4	0	2	0	2	4	4	0	0	2	4	0	3	0	0	0	0	2	2	2	4	4	0	0	0	0	0	0	4	0	0	2	0	2	2	3	2	2	0	0	0	0	0	0	0	0	0	0	0	0	0	0	0	4	2	0	0	4	0	2	2	0	4	2	3	0	0	0	0	0	2	0	0	4	2	0	2	0	0	0	0	2	4	4	0
2018.70030139316	4	0	4	0	2	0	0	3	0	0	0	0	4	4	4	4	0	2	0	2	4	4	2	0	2	4	0	3	0	0	2	0	2	0	2	4	4	0	0	0	0	0	2	4	0	0	2	0	2	2	3	2	2	0	0	0	0	0	0	0	0	0	0	0	0	0	0	0	4	4	0	0	4	0	2	2	0	4	2	3	0	0	0	0	0	2	0	0	4	2	0	2	0	0	0	0	2	4	4	0
2018.73838690567	4	0	4	0	2	0	0	3	0	0	0	0	4	3	4	4	0	2	0	2	4	4	2	0	2	4	0	3	0	0	2	0	2	0	2	4	4	0	0	0	0	0	2	4	0	0	2	0	2	2	3	2	2	0	0	0	0	0	0	0	0	0	0	0	0	0	0	0	4	4	0	0	4	0	2	0	0	4	2	0	0	0	0	0	2	2	0	0	4	2	0	2	0	0	0	0	2	4	4	0
2018.77647241817	4	0	4	0	2	0	0	3	0	0	0	0	4	3	4	4	0	2	0	2	4	4	2	0	2	4	0	3	0	0	2	0	2	0	2	4	4	0	0	0	0	0	2	4	0	0	2	0	2	2	3	2	2	0	0	0	0	0	0	0	0	0	0	0	0	0	0	0	4	4	0	0	4	0	2	0	0	4	2	0	0	0	0	0	2	2	0	0	4	2	0	2	0	0	0	0	2	4	4	0
2018.81455793068	4	0	4	2	2	0	0	3	0	0	0	0	4	3	4	4	0	2	0	2	4	4	2	0	2	4	0	3	0	0	2	0	2	0	2	4	4	0	2	0	0	0	2	4	0	0	2	0	2	2	3	2	2	0	0	0	0	0	0	0	0	0	0	0	0	0	0	0	4	4	0	0	4	0	2	0	0	4	2	0	0	0	0	0	2	2	0	0	4	2	0	2	0	0	3	0	2	4	4	0
2018.85264344318	4	0	4	2	2	2	0	3	0	0	0	0	4	3	4	4	0	2	0	2	3	4	2	0	2	4	0	3	0	0	2	0	2	0	2	4	4	0	2	0	0	0	2	3	0	0	2	0	2	2	3	2	2	0	0	0	0	0	0	0	0	0	0	0	0	0	0	0	4	4	0	0	4	0	2	0	0	4	2	0	0	0	0	0	2	2	0	0	4	0	0	2	0	0	3	0	0	3	4	0
2018.89072895568	4	0	4	2	4	2	0	3	0	0	0	0	4	3	4	4	0	2	2	2	3	4	2	0	2	4	0	3	0	0	2	0	4	0	2	4	4	0	2	0	0	0	2	3	0	0	2	0	2	2	3	2	2	0	0	0	0	0	0	0	0	0	0	0	0	0	0	0	4	4	2	0	4	0	2	0	0	4	2	0	0	0	0	0	2	2	0	0	4	0	0	2	2	0	3	0	0	3	4	0
2018.92881446819	4	0	4	2	4	2	0	3	0	0	0	0	4	3	4	4	0	2	2	2	3	4	2	0	2	4	0	3	0	0	2	0	4	0	2	4	4	0	2	0	0	0	2	3	0	0	2	0	2	2	3	2	2	0	0	0	0	0	0	0	0	0	0	0	0	0	0	0	4	4	2	0	4	0	2	0	0	4	2	0	0	0	0	0	4	2	0	0	4	0	0	2	2	0	3	0	0	0	4	0
2018.96689998069	4	0	4	2	4	2	0	3	0	0	2	0	4	3	4	4	0	2	2	2	3	4	2	0	2	4	0	3	0	0	2	0	4	0	4	4	3	0	2	0	0	0	2	3	0	0	2	0	2	2	3	2	2	0	0	0	0	0	0	0	0	0	0	2	0	0	0	0	4	4	2	0	4	0	2	0	0	4	2	0	0	0	0	2	4	2	0	0	4	0	0	2	2	0	3	0	0	0	4	0
2019.0049854932	4	0	4	2	4	2	0	3	0	0	2	0	4	3	4	4	0	2	2	2	0	4	2	0	2	4	0	3	0	0	2	2	4	0	4	4	3	0	2	0	0	0	2	3	0	0	2	0	2	2	3	2	0	0	0	2	0	0	0	0	0	0	0	2	0	0	0	0	4	4	2	0	4	4	2	0	0	3	2	0	0	0	0	2	4	2	0	3	4	0	0	2	2	0	3	0	0	0	4	0
2019.0430710057	4	0	4	2	4	2	0	3	0	0	2	0	3	3	4	4	0	2	2	2	0	4	2	0	2	0	0	0	0	0	2	2	4	0	4	4	3	0	2	0	0	0	2	3	0	0	2	0	2	2	3	2	0	0	0	2	0	0	0	0	0	0	0	2	0	0	2	2	4	4	2	0	4	4	2	0	0	3	2	0	0	0	0	2	4	2	0	3	4	0	0	2	2	0	3	0	0	0	4	0
2019.0811565182	4	0	4	2	4	2	0	3	0	0	2	0	3	3	4	4	0	2	2	2	0	4	2	0	2	0	0	0	0	0	2	2	4	0	4	4	3	0	2	0	0	0	2	3	0	0	2	0	2	2	3	2	0	0	0	2	0	0	0	0	0	0	0	2	0	0	2	2	4	4	2	0	4	4	2	0	0	3	2	0	0	0	0	4	4	2	0	3	4	0	0	2	2	0	3	0	0	0	4	0
2019.11924203071	4	0	4	2	4	2	0	3	0	0	2	0	3	3	4	4	0	2	2	2	0	4	2	0	2	0	0	0	0	0	2	2	4	0	4	4	3	0	2	0	0	0	2	3	0	0	2	0	2	2	3	2	0	0	0	4	0	0	0	0	0	0	0	2	0	0	2	2	4	4	2	0	3	4	2	0	0	0	2	0	0	0	0	4	4	2	0	3	4	0	0	2	4	0	3	0	0	0	4	0
2019.15732754321	3	0	4	2	3	2	0	3	0	0	2	0	3	3	4	4	0	2	2	2	0	4	2	0	2	0	0	0	0	0	2	2	3	0	4	4	3	0	2	0	0	0	2	3	0	0	2	0	2	2	3	2	0	0	0	4	0	0	0	0	0	0	0	2	0	0	2	2	4	4	2	0	0	4	2	0	0	0	0	0	0	0	0	4	4	2	0	3	4	0	0	2	4	0	3	0	0	0	4	0
2019.19541305571	3	0	4	2	3	2	0	3	0	0	2	0	3	3	4	4	0	2	2	2	0	4	2	0	2	0	0	0	0	0	2	2	3	0	4	4	3	0	2	0	0	0	2	3	0	0	2	0	2	0	0	2	3	0	0	4	0	0	0	0	0	0	0	2	0	0	2	2	4	4	2	0	0	4	2	0	0	0	0	0	0	0	0	4	4	2	0	3	4	0	0	2	4	0	3	0	0	0	4	0
2019.23349856822	3	0	4	4	3	2	0	3	0	0	2	2	3	0	4	4	0	2	2	2	0	4	2	0	2	0	0	0	0	0	2	2	3	0	3	4	3	0	2	0	0	2	2	3	0	0	2	0	2	0	0	2	3	0	0	4	0	0	0	0	0	0	0	2	0	0	2	2	4	4	2	0	0	4	2	0	0	0	0	0	0	0	0	4	4	2	0	3	4	0	0	2	4	0	3	2	0	0	4	0
2019.27158408072	3	0	4	4	3	2	0	3	0	0	2	2	3	0	4	3	0	2	2	2	0	4	2	0	2	0	0	0	0	0	2	2	3	0	3	4	3	0	2	0	0	2	2	0	0	0	2	0	2	0	0	2	3	0	0	4	0	0	0	0	0	0	0	2	0	0	2	2	4	4	2	0	0	4	2	0	0	0	0	0	0	0	0	4	4	2	0	3	4	0	0	2	4	0	3	2	0	0	4	0
2019.30966959323	0	0	3	4	3	2	0	3	0	0	2	2	3	0	4	3	0	2	2	2	0	4	2	0	2	0	0	0	0	0	2	2	3	0	3	4	3	0	4	2	0	2	2	0	0	0	2	0	2	0	0	0	3	0	0	4	0	0	0	0	0	0	0	2	0	0	2	2	4	4	2	0	0	4	2	0	0	0	0	0	0	0	0	4	4	2	0	3	3	0	0	2	4	2	3	2	0	0	4	0
2019.34775510573	0	0	0	4	3	2	0	0	0	0	2	2	3	0	4	3	0	2	2	2	0	4	2	0	2	0	0	0	0	0	2	2	3	0	3	4	3	0	4	2	0	2	2	0	0	0	2	0	2	0	0	0	3	0	0	4	0	0	0	0	0	0	0	2	0	0	2	2	4	4	2	0	0	4	2	0	0	0	0	0	0	0	0	4	4	2	0	3	0	0	0	2	4	2	3	2	0	0	4	0
2019.38584061823	0	0	0	4	3	2	0	0	0	0	2	2	3	0	4	3	0	0	4	2	0	4	2	0	2	0	0	0	0	0	2	2	3	0	3	4	3	0	4	2	0	2	2	0	0	0	2	0	2	0	0	0	3	0	0	4	0	0	0	2	0	0	0	2	0	0	2	2	4	4	2	2	0	4	2	0	0	0	0	0	0	0	0	4	4	0	0	3	0	0	0	2	4	2	3	2	0	0	4	0
2019.42392613074	0	0	0	4	3	2	0	0	0	0	2	2	0	0	4	3	0	0	4	2	0	4	4	0	2	0	0	0	0	0	2	2	3	0	3	4	3	0	4	2	0	2	2	0	0	0	2	0	2	0	0	0	3	0	0	4	0	0	0	2	0	0	0	2	0	0	2	2	4	4	2	2	0	4	2	0	0	0	0	0	0	0	0	4	4	0	0	3	0	0	0	2	4	2	3	2	0	0	4	0
2019.46201164324	0	0	0	4	3	2	0	0	0	0	2	2	0	0	4	3	0	0	4	2	0	3	4	0	2	0	0	0	0	0	2	2	3	0	3	4	3	0	4	4	0	2	2	0	0	0	2	0	2	0	0	0	3	0	0	4	0	0	0	2	0	4	0	2	0	0	2	2	4	4	2	2	0	4	2	0	0	0	0	0	2	0	0	4	4	0	0	3	0	0	0	2	4	2	3	2	0	0	4	2
2019.50009715575	0	0	0	4	3	2	0	0	0	0	2	2	0	0	4	0	0	0	4	2	0	3	4	0	2	0	0	0	0	0	2	2	3	0	3	4	3	0	4	4	0	2	2	0	0	0	2	0	2	0	0	0	3	0	0	4	0	0	0	2	0	4	0	2	0	0	4	2	3	4	2	2	0	4	2	0	0	0	0	0	2	0	0	4	4	0	0	3	0	0	0	4	4	2	3	2	0	0	4	2
2019.53818266825	0	0	0	4	3	2	0	0	0	0	2	2	0	0	4	0	0	0	4	2	0	3	4	0	2	0	0	0	0	0	2	2	3	0	3	4	3	0	4	4	0	2	2	0	0	0	2	0	2	0	0	0	3	0	0	4	0	0	0	2	0	4	0	2	0	0	4	2	0	4	2	2	0	4	2	0	0	0	0	0	2	0	0	4	4	0	0	3	0	0	0	4	4	2	3	2	0	0	0	4
2019.57626818075	0	2	0	4	3	2	0	0	0	0	2	2	0	0	0	0	0	0	4	2	0	0	4	0	0	0	0	0	0	0	2	2	3	0	3	4	0	0	4	4	0	2	2	0	0	0	2	0	2	0	0	0	3	0	0	4	0	0	0	2	0	4	0	2	0	0	4	2	0	4	2	2	0	4	0	0	0	0	0	0	2	0	0	4	4	0	0	3	0	0	0	4	4	2	3	2	0	0	0	4
2019.61435369326	0	2	0	6	3	2	0	0	0	0	2	2	0	0	0	0	0	0	4	2	0	0	4	0	0	0	0	0	0	0	2	2	3	0	3	3	0	0	4	4	0	2	2	0	0	0	0	0	0	0	0	0	3	0	0	4	0	0	0	2	0	4	0	2	0	0	4	2	0	3	2	4	0	4	0	0	0	0	0	0	2	0	0	4	4	0	0	3	0	0	0	3	4	2	3	2	0	0	0	4
2019.65243920576	0	2	0	6	3	2	0	0	0	0	2	2	0	0	0	0	0	0	4	2	0	0	4	0	0	0	0	0	0	0	2	2	3	0	3	0	0	0	4	4	0	2	2	0	0	0	0	0	0	0	0	0	3	0	0	4	0	0	0	2	2	4	0	2	0	0	4	2	0	3	2	4	0	4	0	0	0	0	0	0	4	0	0	4	4	3	0	3	0	0	0	3	4	2	3	2	0	0	0	4
2019.69052471827	0	2	0	6	3	2	0	0	0	0	2	2	0	0	0	0	0	0	4	0	0	0	3	0	3	0	0	0	0	0	2	2	3	0	3	0	0	0	4	4	0	2	2	0	0	0	0	2	0	0	0	0	3	0	0	4	0	0	0	2	2	4	0	2	0	0	4	2	0	0	2	4	0	4	0	0	0	0	0	0	4	0	0	4	4	3	0	3	0	0	0	3	4	2	3	2	0	0	0	4
2019.72861023077	0	2	0	8	3	2	0	0	0	0	2	2	0	0	0	0	0	0	4	0	0	0	3	0	3	0	0	0	0	0	0	2	3	0	3	0	0	0	4	4	0	2	0	0	0	0	0	2	0	0	0	0	3	0	0	4	0	0	0	2	2	4	0	2	0	0	4	2	0	0	2	4	0	4	0	0	0	0	0	0	4	0	0	4	3	3	0	3	0	0	0	3	4	2	3	2	0	0	0	4
2019.76669574327	0	4	0	8	3	2	0	0	0	0	2	2	0	0	0	0	0	0	4	0	0	0	3	0	3	0	0	0	0	0	0	2	3	0	3	0	0	2	4	4	0	2	0	0	0	0	0	2	0	0	0	0	3	0	0	4	0	0	0	2	2	4	0	2	0	0	4	2	0	0	2	4	0	4	0	0	0	0	0	0	4	0	0	4	3	3	0	3	0	0	0	3	4	2	3	2	0	0	0	4
2019.80478125578	0	4	0	8	3	2	0	0	0	0	2	2	0	0	0	0	0	0	4	0	0	0	3	0	3	0	0	0	0	0	0	2	3	0	3	0	0	2	4	4	0	2	0	0	0	0	0	2	0	0	0	0	3	0	0	4	0	0	0	2	2	4	0	2	0	0	4	2	0	0	2	4	0	4	0	0	0	0	0	0	4	0	0	4	3	3	0	3	0	0	0	3	4	2	0	2	0	0	0	4
2019.84286676828	0	4	0	7	3	0	0	0	0	0	2	2	0	0	0	0	0	0	4	0	0	0	3	0	3	0	0	0	0	0	0	2	3	0	3	0	0	4	3	4	0	2	0	0	0	0	0	4	0	0	0	0	3	0	0	4	0	0	0	2	2	4	0	2	0	0	4	2	0	0	2	4	0	4	0	0	0	0	0	0	4	0	0	4	3	3	2	3	0	0	0	3	4	2	0	2	0	0	0	4
2019.88095228079	0	4	0	7	0	3	0	0	0	0	2	2	0	0	0	0	0	0	4	0	0	0	3	0	3	0	0	0	0	0	0	4	0	0	3	0	0	4	3	4	0	2	0	0	0	0	0	4	0	0	0	0	3	0	0	4	0	2	0	4	2	4	0	2	0	0	4	2	0	0	0	4	0	4	0	3	0	0	0	0	4	0	0	6	3	3	2	3	0	0	0	3	3	2	0	2	0	0	0	4
2019.91903779329	0	4	0	7	0	3	0	0	0	0	2	2	0	0	0	0	0	0	3	0	0	0	3	0	3	0	0	0	0	0	0	4	0	0	3	0	0	4	3	4	0	2	0	0	0	0	0	4	0	0	0	0	3	0	0	4	0	2	0	4	2	4	0	2	0	0	4	2	0	0	0	4	0	4	0	3	0	0	0	0	4	0	2	6	3	3	2	3	0	0	0	3	3	2	0	2	0	0	0	4
2019.95712330579	0	4	0	7	0	3	0	0	0	0	2	2	0	0	0	0	0	0	3	0	0	0	3	0	3	0	0	0	0	0	0	4	0	0	0	0	0	4	3	4	0	2	0	0	0	0	0	4	0	0	0	0	3	0	0	4	0	2	0	4	2	4	0	2	0	0	4	2	0	0	0	4	0	4	0	3	0	0	3	0	4	0	2	5	0	3	2	3	0	0	0	3	3	2	0	2	0	0	0	4
2019.9952088183	0	4	0	7	0	3	0	0	0	0	0	2	0	0	0	0	0	0	3	0	0	0	3	0	3	0	0	0	0	0	0	3	0	0	0	0	0	4	3	4	0	2	0	0	0	0	0	4	0	0	0	0	3	0	0	4	0	2	0	4	2	4	0	0	2	0	4	2	0	0	0	4	0	0	0	3	0	0	3	0	4	0	2	5	0	3	2	0	0	0	0	3	3	2	0	2	0	0	0	4
2020.0332943308	0	4	0	7	0	3	0	0	0	0	0	2	0	0	0	0	0	0	3	0	0	0	3	0	3	0	0	0	0	0	0	3	0	0	0	0	0	4	3	4	0	2	0	0	0	0	0	4	0	0	0	0	3	0	0	3	0	2	0	4	2	4	0	0	2	0	3	2	0	0	0	4	0	0	0	3	0	0	3	0	4	0	2	5	0	3	2	0	0	0	0	3	3	2	0	2	0	0	0	4
2020.07137984331	0	4	0	7	0	3	0	0	0	0	0	2	0	0	0	0	0	0	3	0	0	0	3	0	3	0	0	0	0	0	0	3	0	0	0	0	0	4	3	4	0	2	0	0	0	0	0	4	0	0	0	0	3	0	0	3	0	2	0	4	2	4	0	0	2	0	3	0	0	0	0	4	0	0	0	3	0	0	3	0	4	0	2	5	0	3	2	0	0	0	0	3	3	2	0	2	0	0	0	4
2020.10946535581	0	4	0	7	0	3	0	0	0	0	0	2	0	0	0	0	0	0	3	0	0	0	3	0	3	0	0	0	0	0	0	3	0	0	0	0	0	4	3	4	0	2	0	0	0	0	0	4	0	0	0	0	3	0	0	0	0	2	0	4	2	4	0	0	2	0	3	0	0	0	0	4	0	0	0	3	0	0	3	0	4	0	2	3	0	3	2	0	0	0	0	3	0	2	0	2	0	0	0	4
2020.14755086831	0	4	0	7	0	3	3	0	0	0	0	2	0	0	0	0	0	0	3	0	0	0	3	0	3	0	0	0	0	0	0	3	0	0	0	0	3	4	3	4	0	2	0	0	0	0	0	4	0	0	0	0	3	0	0	0	0	2	0	4	2	4	0	0	2	0	3	0	0	0	0	4	0	0	0	3	0	0	3	0	4	0	2	3	0	3	2	0	0	0	0	3	0	2	0	2	0	0	0	4
2020.18563638082	0	4	0	7	0	3	3	0	0	0	0	2	0	0	0	0	0	0	3	0	0	0	3	0	3	0	0	0	0	0	0	3	0	0	0	0	3	4	3	4	0	2	0	0	0	0	0	4	0	0	0	0	0	0	0	0	0	2	0	4	2	4	0	0	2	0	3	0	0	0	0	4	0	0	0	3	0	0	3	0	4	0	2	3	0	3	2	0	0	0	0	3	0	2	0	2	0	0	0	4
2020.22372189332	0	4	0	6	0	3	3	0	2	0	0	0	0	0	0	0	0	0	3	0	0	0	3	0	3	0	0	0	0	0	0	3	0	0	0	0	3	4	3	4	0	0	0	0	0	0	3	4	0	0	0	0	0	0	0	0	0	2	2	4	2	4	0	0	2	0	3	0	0	0	0	4	0	0	0	3	0	0	3	0	4	0	2	3	0	3	2	0	0	0	0	3	0	2	0	0	0	0	0	4
2020.26180740583	0	4	0	6	0	3	3	0	2	0	0	0	0	0	0	0	0	0	3	0	0	0	3	0	3	0	0	0	0	0	0	3	0	0	0	0	3	4	3	4	0	0	0	0	0	0	3	4	0	0	0	0	0	0	0	0	0	2	2	4	2	4	0	0	2	0	3	0	0	0	0	4	0	0	0	3	0	0	3	0	4	0	2	3	0	3	2	0	0	0	0	3	0	2	0	0	0	0	0	4
2020.29989291833	0	4	0	6	0	3	3	0	2	0	0	0	0	0	0	0	0	0	3	0	0	0	3	0	3	0	0	0	0	0	0	3	0	0	0	0	3	4	3	3	0	0	0	0	0	0	3	4	0	0	0	0	0	0	0	0	0	2	2	4	2	4	0	0	2	0	3	0	0	0	0	4	0	0	0	3	0	0	3	0	4	0	2	3	0	3	2	0	0	0	0	3	0	0	0	0	0	0	0	4
2020.33797843083	0	4	0	6	0	3	3	0	2	0	0	0	0	0	0	0	0	0	3	0	0	0	3	0	3	0	0	0	0	0	0	3	0	0	0	0	3	4	0	3	0	0	0	0	0	0	3	4	0	0	0	0	0	0	0	0	0	2	2	4	2	4	0	0	2	0	3	0	0	0	0	4	0	0	0	3	0	0	3	0	4	0	2	3	0	3	2	0	0	0	0	3	0	0	0	0	0	0	0	4
2020.37606394334	0	4	0	6	0	3	3	0	2	0	0	0	0	0	0	0	0	0	0	0	0	0	3	0	3	0	0	0	0	0	0	3	0	3	0	0	3	4	0	3	0	0	0	0	0	0	3	4	0	0	0	0	0	0	0	0	0	2	2	4	2	4	0	0	2	0	3	0	0	0	0	4	0	0	0	3	0	0	3	0	4	0	2	3	0	3	2	0	0	0	0	3	0	0	0	0	0	0	0	4
2020.41414945584	0	4	0	6	0	3	3	0	2	0	0	0	0	0	0	0	0	0	0	0	0	0	0	0	3	0	0	0	0	0	0	3	0	3	0	0	3	4	0	3	0	0	0	0	0	0	3	4	0	0	0	0	0	0	0	0	0	2	2	3	2	4	0	0	2	0	3	0	0	0	0	3	0	0	0	3	0	0	3	0	4	0	2	3	0	3	2	0	0	0	0	3	0	0	0	0	0	0	0	4
2020.45223496835	0	4	0	6	0	3	3	0	2	0	0	0	0	0	0	0	0	0	0	0	0	0	0	0	3	0	0	0	0	0	0	3	0	3	0	0	3	4	0	0	0	0	0	0	0	0	3	4	0	0	0	3	0	0	0	0	0	2	2	3	2	0	0	0	2	0	3	0	0	0	0	3	0	0	0	3	0	0	3	0	3	0	2	3	0	3	2	0	0	0	0	3	0	0	0	0	0	0	0	4
2020.49032048085	0	4	0	6	0	3	3	0	2	0	0	3	0	0	0	0	0	0	0	0	0	0	0	0	3	0	0	0	0	0	0	3	0	3	0	0	3	4	0	0	0	0	0	0	2	0	3	4	0	0	0	3	0	0	0	0	0	2	2	3	2	0	0	0	2	0	0	0	0	0	0	3	0	0	0	3	0	0	3	0	3	0	2	3	0	3	2	0	0	0	0	3	0	0	0	0	0	0	0	3
2020.52840599335	0	4	0	6	0	3	3	0	2	0	0	3	0	0	0	0	0	0	0	0	0	0	0	0	3	0	0	0	0	0	0	3	0	3	0	0	3	4	0	0	0	0	0	0	2	0	3	4	0	0	0	3	0	0	0	0	0	2	2	3	2	0	0	0	2	0	0	0	0	0	0	3	0	0	0	3	0	0	3	0	3	0	2	3	0	3	2	0	0	0	0	0	0	0	0	0	0	0	0	3
2020.56649150586	0	3	0	6	0	3	3	0	2	0	0	3	0	0	0	0	0	0	0	0	0	0	0	0	3	0	0	0	0	0	0	3	0	3	0	0	3	4	0	0	0	0	0	0	2	0	3	4	0	0	0	3	0	0	0	0	0	2	2	3	2	0	0	0	4	0	0	0	0	0	0	3	0	0	0	3	0	0	3	0	3	0	2	3	0	3	2	3	0	0	0	0	0	0	0	0	0	0	0	0
2020.60457701836	0	3	0	3	0	3	3	0	2	0	0	3	0	0	0	0	0	0	0	0	0	0	0	0	3	0	0	0	0	0	0	3	0	3	0	0	3	4	0	0	0	0	0	0	4	0	3	4	0	0	0	3	0	0	0	0	0	2	4	3	2	0	0	0	4	0	0	0	0	0	0	0	0	3	0	3	0	0	3	0	3	0	2	3	0	3	2	3	0	0	0	0	0	0	0	0	0	0	0	0
2020.64266253086	0	3	0	3	0	3	3	0	2	0	0	3	0	0	0	0	0	0	0	0	0	0	0	0	3	0	0	0	0	0	0	3	0	3	0	0	3	4	0	0	0	0	0	0	4	0	3	4	0	0	0	3	0	0	0	0	0	2	4	3	2	0	0	0	4	0	0	0	0	0	0	0	0	3	0	3	0	0	3	0	0	0	2	3	0	0	2	3	0	0	0	0	0	0	0	0	0	0	0	0
2020.68074804337	0	3	0	3	0	3	3	0	2	0	0	3	0	0	0	0	0	0	0	0	0	0	0	0	0	0	0	0	0	0	0	3	0	3	0	0	3	4	0	0	0	0	0	0	4	0	3	3	0	0	0	3	0	0	0	0	0	2	4	3	0	0	0	0	4	0	0	0	0	0	0	0	0	3	0	3	0	0	3	0	0	0	2	3	0	0	2	3	0	0	0	0	0	0	0	0	0	0	0	0
2020.71883355587	0	3	0	0	0	3	3	0	2	0	0	3	0	0	0	0	0	0	0	0	0	0	0	0	0	0	0	0	0	0	0	3	0	3	0	0	3	4	0	0	0	0	0	0	4	0	3	3	0	0	0	3	0	0	0	0	0	2	4	3	0	0	0	0	4	0	0	0	0	0	0	0	0	3	0	3	0	0	3	0	0	0	2	3	0	0	2	3	0	0	0	0	0	0	0	0	0	0	0	0
2020.75691906838	0	0	0	0	0	3	3	0	2	0	0	3	0	0	0	0	0	0	0	0	0	0	0	0	0	0	0	0	0	0	0	3	0	3	0	0	3	3	0	0	0	0	0	0	4	0	3	3	0	0	0	3	0	0	0	0	0	4	4	3	0	0	0	0	4	0	0	3	0	0	0	0	0	3	0	3	0	0	3	0	0	0	2	3	0	0	2	3	0	0	0	0	0	0	0	0	0	0	0	0
2020.79500458088	0	0	0	0	0	3	3	0	2	0	0	3	0	0	0	0	0	0	0	0	0	0	0	0	0	0	0	0	0	0	0	3	0	3	0	0	3	3	0	0	0	0	0	0	4	0	3	3	0	0	0	3	0	0	0	0	0	4	4	3	0	0	0	0	4	0	0	3	0	0	0	0	0	3	0	3	0	0	3	0	0	0	2	3	0	0	2	3	0	0	0	0	0	0	0	0	0	0	0	0
2020.83309009338	0	3	0	0	0	3	3	0	2	0	0	3	0	0	0	0	0	0	0	0	0	0	0	0	0	0	0	0	0	0	0	3	0	3	0	0	3	0	0	0	0	0	0	0	4	0	3	0	0	0	0	3	0	0	0	0	0	4	4	3	0	0	0	0	4	0	0	3	0	0	0	0	0	3	0	3	0	0	3	0	0	0	2	3	0	0	2	3	0	0	0	0	0	0	0	0	3	0	0	0
2020.87117560589	0	3	0	0	0	0	3	0	2	0	0	3	0	0	0	0	0	0	0	0	0	0	0	0	0	0	0	0	0	0	0	0	0	3	0	0	3	0	0	0	0	0	0	0	4	0	3	0	0	0	0	3	0	0	0	0	0	3	4	3	3	0	0	0	4	0	0	3	0	0	0	0	0	3	0	0	0	0	3	0	0	0	2	0	0	0	0	3	0	0	0	0	0	0	0	0	3	0	0	0
2020.90926111839	0	3	0	0	0	0	3	0	2	0	0	3	0	0	0	0	0	0	0	0	0	0	0	0	0	0	0	0	0	0	0	0	0	3	0	0	3	0	0	0	0	0	0	0	4	0	3	0	0	0	0	3	0	0	0	0	0	3	4	0	3	0	0	0	4	0	0	3	0	0	0	0	0	3	0	0	0	0	3	0	0	0	2	0	0	0	0	3	0	0	0	0	0	0	0	0	3	0	0	0
2020.9473466309	0	3	0	0	0	0	3	0	2	0	0	3	0	0	0	0	0	0	0	0	0	0	0	0	0	0	0	0	0	0	0	0	0	3	0	0	3	0	0	0	0	0	0	0	4	0	3	0	0	0	0	3	0	0	0	0	0	3	4	0	3	0	0	0	4	0	0	3	0	0	0	0	0	3	0	0	0	0	3	0	0	0	0	0	0	0	0	3	0	0	0	0	0	3	0	0	3	0	0	0
2020.9854321434	0	3	0	0	0	0	3	0	4	0	0	3	0	0	0	0	0	0	0	0	0	0	0	0	0	0	0	0	0	0	0	0	0	3	0	0	3	0	0	0	0	0	0	0	4	0	3	0	0	0	0	3	0	0	0	0	0	3	4	0	3	0	0	0	3	0	0	3	0	0	0	0	0	3	0	0	0	0	0	0	0	0	0	0	0	0	0	3	0	0	0	0	0	3	0	0	3	0	0	0
2021.0235176559	0	3	0	0	0	0	3	0	4	0	0	3	0	0	0	0	0	0	0	0	0	0	0	3	0	0	0	0	0	0	0	0	0	3	0	0	3	0	0	0	0	0	0	0	4	0	3	0	0	0	0	3	0	0	0	0	0	3	4	0	3	0	0	0	3	0	0	3	0	0	0	0	0	3	0	0	0	0	0	0	0	0	0	0	0	0	0	3	0	0	0	0	0	3	0	0	3	0	0	0
2021.06160316841	0	3	0	0	0	0	3	0	4	0	0	3	0	0	0	0	0	0	0	0	0	0	0	3	0	0	0	0	0	0	0	0	0	3	0	0	3	0	0	0	0	0	0	0	4	0	3	0	0	0	0	3	0	0	0	0	0	3	4	0	3	0	0	0	5	0	0	3	0	0	0	0	0	3	0	0	0	0	0	0	0	0	0	0	0	0	0	3	0	0	0	0	0	3	0	0	3	0	0	0
2021.09968868091	0	3	0	0	0	0	3	0	4	0	0	3	0	0	0	0	0	0	0	0	0	0	0	3	0	0	0	0	0	0	0	0	0	3	0	0	3	0	0	0	0	0	0	0	4	0	3	0	0	0	0	3	0	0	0	0	0	3	4	0	3	0	0	0	5	0	0	3	0	0	0	0	0	3	0	0	0	0	0	0	0	0	0	0	0	0	0	3	0	0	0	0	0	3	0	0	3	0	0	0
2021.13777419342	0	3	0	0	0	0	0	0	4	0	0	3	0	0	0	0	0	0	0	0	0	0	0	3	0	0	0	0	0	0	0	0	0	3	0	0	0	0	0	0	0	0	0	0	4	0	3	0	0	0	0	3	0	0	0	0	0	3	4	0	3	0	0	0	5	0	0	3	0	0	0	0	0	3	0	0	3	0	0	0	0	0	0	0	0	3	0	3	0	3	0	0	0	3	0	0	3	0	0	0
2021.17585970592	0	3	0	0	0	0	0	0	4	0	0	3	0	0	0	0	0	0	0	0	0	0	3	3	0	0	0	0	0	0	0	0	0	3	0	0	0	0	0	0	0	0	0	0	4	0	3	0	0	0	0	3	0	0	0	0	0	3	4	0	3	0	0	0	5	0	0	3	0	0	0	0	0	3	0	0	3	0	0	0	0	0	0	0	0	3	0	3	0	3	0	0	0	3	0	0	3	0	0	0
2021.21394521842	0	3	0	0	0	0	0	0	3	0	0	3	0	0	0	0	0	0	0	0	0	0	3	3	0	0	0	0	0	0	0	0	0	3	0	0	0	0	0	0	0	0	3	0	4	0	0	0	0	0	0	3	0	0	0	0	0	3	3	0	3	0	0	0	5	0	0	3	0	0	0	0	0	3	0	0	3	0	0	0	0	0	0	0	0	3	0	3	0	3	0	0	0	3	0	0	3	0	0	0
2021.25203073093	0	3	0	0	0	0	0	0	3	0	3	3	0	0	0	0	0	0	0	0	0	0	3	3	0	0	0	0	0	0	0	0	0	3	0	0	0	0	0	0	0	0	3	0	4	0	0	0	0	0	0	3	0	0	0	0	0	3	3	0	3	0	0	3	5	0	0	3	0	0	0	0	0	3	0	0	3	0	0	0	0	0	0	0	0	3	0	3	0	3	0	0	0	3	0	0	3	0	0	0
2021.29011624343	0	3	0	0	0	0	0	0	3	0	3	3	0	0	0	0	0	0	0	0	0	0	3	3	0	0	0	0	0	0	0	0	0	3	0	0	0	0	0	0	0	0	3	0	4	0	0	0	0	0	0	3	0	0	0	0	0	3	3	0	3	0	0	3	5	0	0	3	0	0	0	0	0	3	0	0	3	0	0	0	0	0	0	0	0	3	0	3	0	3	0	0	0	3	0	0	3	0	0	0
2021.32820175594	0	3	0	0	0	0	0	0	3	0	3	3	0	0	0	0	0	0	0	0	0	0	3	3	0	0	0	0	0	0	0	0	0	3	0	0	0	0	0	0	0	0	3	0	4	0	0	3	0	0	0	3	0	0	0	0	0	3	3	0	3	0	0	3	5	0	0	3	0	0	0	0	0	3	0	0	3	0	0	0	0	0	0	0	0	3	0	3	0	3	0	0	0	3	0	0	3	3	0	0
2021.36628726844	0	3	0	0	0	0	0	0	3	0	3	3	0	0	0	0	0	0	0	0	0	0	3	3	0	0	0	0	0	0	0	0	0	0	0	0	0	0	0	0	0	0	3	0	4	0	0	3	0	0	0	3	0	0	0	0	0	3	3	0	3	0	0	3	5	0	0	3	0	0	0	0	0	3	0	0	3	0	0	0	0	0	0	0	0	3	0	3	0	3	0	0	0	3	0	0	5	3	0	0
2021.40437278094	0	3	0	0	0	0	0	0	3	0	3	3	0	0	0	0	0	0	0	0	0	0	3	3	0	0	0	0	0	0	0	0	0	0	0	0	0	0	0	0	0	0	3	0	4	0	0	3	0	0	0	3	0	0	0	0	0	3	3	0	3	0	0	3	5	0	0	3	0	0	0	0	0	3	0	0	3	0	0	0	0	0	0	0	0	3	0	3	0	3	0	0	0	3	0	0	5	3	0	0
2021.44245829345	0	3	0	0	0	0	0	0	3	0	3	3	0	0	0	0	0	0	0	0	0	0	3	3	0	0	0	0	0	0	0	0	0	0	0	0	0	0	0	0	0	0	3	0	4	0	0	3	0	0	0	0	0	0	0	0	0	3	3	0	3	0	0	3	5	0	0	3	0	0	0	0	0	3	0	0	3	0	0	0	0	0	0	0	0	3	0	3	0	3	0	0	0	3	0	0	5	3	3	0
2021.48054380595	0	3	0	3	0	0	0	0	3	0	3	3	0	0	0	0	0	0	0	0	0	0	3	3	0	0	0	0	0	0	0	0	0	0	0	0	0	0	0	0	0	0	3	0	3	0	0	3	0	0	0	0	0	0	0	0	0	3	3	0	3	0	0	3	5	0	0	3	0	0	0	0	0	3	0	0	3	0	0	0	0	0	0	0	0	3	0	3	0	3	0	0	0	3	0	0	5	3	3	0
2021.51862931846	0	3	0	3	0	0	0	0	3	0	3	0	0	0	0	0	0	0	0	0	0	0	3	3	0	0	0	0	0	0	0	0	0	0	0	0	0	0	0	0	0	0	3	3	3	0	0	3	0	0	0	0	0	0	0	0	0	3	3	0	3	0	0	3	5	0	0	3	3	0	0	0	0	3	0	0	3	0	0	0	0	0	0	0	0	6	0	3	0	3	0	0	0	3	0	0	5	3	3	0
2021.55671483096	0	3	0	3	0	3	0	0	3	0	3	0	0	0	0	0	0	0	0	0	0	0	3	3	0	0	0	0	0	0	0	0	0	0	0	0	0	0	0	0	0	0	3	3	3	0	0	3	0	0	0	0	3	0	0	0	0	3	3	0	3	0	0	3	3	0	0	3	3	0	0	0	0	3	0	0	3	0	0	0	0	3	0	0	0	6	0	0	0	3	0	0	0	3	0	0	5	3	3	0
2021.59480034346	0	3	0	3	0	3	0	0	3	0	3	0	0	0	0	0	0	0	0	0	0	0	3	3	0	0	0	0	0	0	0	0	0	0	0	0	0	0	0	0	0	3	3	3	3	0	0	3	0	0	0	0	3	0	0	0	0	3	0	3	3	0	0	3	3	0	0	3	3	0	0	0	0	0	0	0	3	0	0	0	0	3	0	0	0	6	0	0	0	3	0	0	0	3	0	0	5	3	5	0
2021.63288585597	3	3	0	3	0	3	0	0	3	0	3	0	0	0	0	0	0	0	0	0	0	0	3	3	0	0	0	0	0	0	0	0	0	0	0	0	3	0	0	0	0	3	3	3	0	0	0	3	0	3	0	0	3	0	0	0	0	3	0	5	3	0	0	3	3	0	0	3	3	0	0	0	0	0	0	0	3	0	0	0	0	3	3	0	0	6	0	0	0	6	0	0	0	3	0	0	5	3	5	0
2021.67097136847	3	3	0	3	0	3	0	0	3	0	3	0	0	0	0	0	0	0	0	0	0	0	3	3	0	0	3	0	0	0	0	0	0	0	0	0	5	0	0	0	0	3	3	3	0	0	0	3	0	3	0	0	3	0	0	0	0	3	0	5	3	0	0	3	3	0	0	3	3	3	0	0	0	0	0	0	3	0	0	0	0	3	3	0	0	6	0	0	0	6	0	0	0	3	0	0	5	3	5	0
2021.70905688098	3	3	0	3	0	3	0	0	3	0	3	3	0	0	0	0	0	0	0	0	0	0	3	3	0	0	3	0	0	0	0	0	0	0	0	0	5	0	0	0	0	3	3	3	0	0	0	3	0	5	0	3	3	0	0	0	0	3	0	5	3	0	0	3	3	0	0	3	3	3	0	0	0	3	0	0	3	0	0	0	0	3	3	0	0	6	0	0	0	6	0	0	0	3	0	0	5	3	5	0
2021.74714239348	3	3	0	3	0	3	0	0	3	0	3	3	0	0	0	0	0	0	0	0	0	0	3	3	0	0	5	0	0	3	0	0	0	0	0	0	5	0	0	0	0	3	3	3	0	0	0	3	0	5	0	3	3	0	0	0	0	0	0	5	3	0	0	3	3	0	0	0	3	3	0	0	0	3	0	0	3	0	0	0	0	3	3	0	0	6	0	0	0	6	0	0	0	3	0	0	5	5	5	0
2021.78522790598	3	5	0	3	0	3	0	0	3	0	3	3	0	0	0	0	0	0	0	0	0	0	3	3	0	0	5	0	0	3	0	0	0	0	3	0	5	0	0	0	0	3	3	3	0	0	0	3	0	5	0	6	3	0	0	0	0	0	0	5	3	0	0	3	3	0	0	0	3	3	0	0	0	3	0	0	3	0	0	0	0	3	3	0	0	6	0	0	0	6	0	0	0	3	0	0	5	5	5	0
2021.82331341849	3	3	0	3	0	3	0	0	3	0	3	3	0	0	0	0	0	0	0	0	0	0	3	6	0	0	5	0	0	3	0	0	0	0	3	0	5	0	0	0	0	5	3	3	0	0	0	3	0	7	0	6	3	0	0	0	0	0	0	5	3	0	0	3	3	0	0	0	3	3	0	3	0	3	0	0	3	0	0	0	0	3	5	0	0	6	0	0	0	6	0	0	0	3	0	0	3	5	5	0
2021.86139893099	3	3	0	3	3	3	0	0	3	0	3	3	0	0	0	0	0	0	3	3	0	0	3	6	0	0	5	0	0	3	0	0	3	0	3	0	5	0	0	0	0	5	3	3	0	0	0	3	3	7	0	6	3	0	0	0	0	0	0	5	0	0	0	3	3	0	0	0	3	3	0	3	0	3	0	0	3	0	0	0	0	3	5	0	0	6	3	0	0	6	0	0	0	3	0	0	3	5	5	0
2021.8994844435	3	3	0	3	3	3	0	0	3	0	3	3	0	0	0	0	0	0	3	3	0	0	3	6	0	0	5	3	0	3	0	0	3	0	3	0	5	0	0	0	0	5	3	3	0	0	0	5	3	7	0	6	3	0	0	0	0	0	0	5	0	0	0	3	3	0	0	0	3	3	0	3	3	3	0	0	3	0	0	0	0	3	5	0	0	6	5	0	0	6	0	0	0	3	0	0	3	5	5	0
2021.937569956	3	3	0	3	3	3	3	0	3	3	3	3	0	0	0	0	0	0	3	3	0	0	3	6	0	0	5	3	3	3	0	0	3	0	3	0	5	0	0	0	3	7	3	3	0	0	0	5	3	10	3	6	3	0	0	0	0	0	0	5	0	0	3	3	3	0	0	0	3	3	0	3	3	3	0	0	3	0	0	0	0	3	5	0	3	6	5	0	0	10	0	0	0	0	0	3	3	5	7	0
2021.9756554685	3	3	0	3	3	5	3	0	3	3	3	3	0	0	0	0	0	0	3	3	0	0	5	6	0	0	7	3	3	3	3	3	3	0	3	0	5	3	0	0	3	7	3	3	0	0	3	5	3	10	3	6	3	0	0	3	0	3	0	5	0	0	3	3	3	0	0	3	6	3	0	3	3	3	0	0	5	0	0	0	0	3	5	0	3	6	5	0	3	10	0	0	3	0	0	3	3	5	7	0
2022.01374098101	3	3	0	3	3	5	3	0	3	3	3	3	0	0	0	0	0	0	3	6	3	3	5	3	0	0	7	3	3	3	3	3	3	0	6	0	5	7	3	0	3	9	3	5	0	0	3	5	3	10	5	6	3	0	0	3	0	3	3	5	0	0	3	3	5	0	0	3	6	3	3	3	3	3	3	0	5	0	3	0	0	3	7	0	5	6	5	0	3	10	0	0	3	0	0	3	6	7	7	0
2022.05182649351	3	3	0	3	3	5	3	3	6	3	3	3	3	5	0	0	0	0	3	6	3	3	5	3	3	0	7	3	5	3	3	3	3	0	6	0	5	7	3	0	3	9	3	5	3	0	3	5	3	10	5	6	3	0	3	3	0	3	5	7	0	0	3	3	3	0	3	3	6	3	3	3	3	5	5	0	5	0	3	0	0	3	7	0	5	6	5	0	3	10	0	0	3	0	0	5	8	7	7	3
2022.08991200602	3	3	0	3	3	7	3	8	10	3	3	3	3	5	3	0	0	0	3	6	5	3	5	3	5	0	7	5	7	3	3	5	3	3	6	0	5	7	3	0	3	9	6	5	3	0	3	5	3	10	5	6	3	3	3	6	5	3	5	7	0	0	3	3	3	0	3	3	6	3	3	5	3	5	5	5	7	3	3	3	3	3	7	3	8	6	5	0	3	10	0	0	3	0	0	5	8	7	7	3
2022.12799751852	5	3	0	3	5	7	3	8	10	3	3	3	7	5	5	0	3	0	5	6	7	5	5	3	5	3	7	5	7	3	3	9	5	3	8	0	5	7	5	0	3	9	6	5	3	0	5	5	3	10	5	6	3	3	5	6	5	3	5	9	3	0	8	3	3	3	8	8	6	3	3	5	3	5	5	5	5	5	5	3	3	3	7	3	8	3	5	0	5	10	0	3	3	0	5	5	8	7	7	3
2022.16608303102	5	3	0	3	7	7	3	8	10	3	3	3	9	5	5	0	5	0	9	6	7	5	7	6	5	3	11	5	7	6	7	11	7	3	8	0	7	9	5	5	3	9	6	7	3	0	8	5	3	16	5	8	3	3	5	6	5	5	5	9	5	3	8	3	3	5	10	8	8	5	5	5	3	5	9	7	5	5	5	5	3	3	7	3	8	3	7	0	7	7	0	3	3	3	5	5	8	7	7	8
2022.20416854353	5	3	3	6	9	9	5	8	10	5	3	3	11	5	5	5	9	0	9	8	7	5	5	8	5	5	11	5	11	6	9	13	9	3	8	0	9	9	7	7	5	9	3	7	5	3	10	5	5	16	7	10	3	9	9	10	5	5	5	11	5	3	8	3	3	9	10	10	8	5	5	9	3	7	13	7	5	5	5	5	3	5	7	3	8	8	7	3	7	9	0	5	5	5	5	5	10	7	7	12
2022.24225405603	5	3	7	8	11	11	5	10	10	9	10	5	11	7	5	5	9	0	9	10	7	5	5	10	7	5	11	7	11	8	9	15	11	3	8	0	11	9	7	11	9	11	5	11	5	3	13	7	7	22	7	12	5	9	11	12	7	7	7	11	7	6	8	10	3	9	12	12	10	5	5	9	3	11	13	7	7	5	8	5	3	7	9	3	8	8	7	5	11	9	8	9	9	9	7	7	18	7	7	12
2022.28033956853	5	7	11	8	13	11	7	10	10	11	9	10	13	11	7	13	12	5	9	14	9	5	5	12	9	9	13	13	17	10	13	19	13	5	12	7	11	16	9	11	11	11	7	13	7	14	13	7	11	22	10	12	7	13	13	14	11	7	7	13	14	6	10	9	10	12	16	14	12	5	9	11	3	13	17	9	11	7	11	7	7	7	11	5	10	12	7	11	11	16	12	11	9	13	7	7	18	7	9	12
2022.31842508104	7	11	15	14	17	18	9	12	18	19	11	14	17	17	15	17	18	14	15	14	9	11	5	17	14	11	19	17	19	10	13	21	17	9	14	11	13	20	15	13	19	19	13	15	12	18	15	11	13	22	16	16	7	15	15	18	17	13	9	15	16	12	14	11	12	18	20	18	14	11	13	17	14	13	17	16	13	17	19	13	7	13	11	11	18	14	11	17	15	18	16	13	15	17	13	14	22	11	13	12
2022.35651059354	15	16	18	16	17	18	17	17	18	19	13	14	19	21	15	19	20	16	17	16	13	15	14	21	14	17	25	23	19	16	15	23	17	11	16	18	19	24	17	17	19	24	21	19	19	20	15	13	16	22	20	18	21	17	21	22	22	22	13	19	22	16	16	13	19	20	22	18	22	15	18	19	20	16	23	22	15	24	27	19	11	15	17	17	20	18	11	25	21	22	22	20	21	21	17	18	24	20	19	19
2022.39459610605	17	16	22	18	17	20	21	19	24	22	15	19	19	21	17	22	20	20	20	16	18	19	14	21	14	22	29	25	23	21	23	23	17	16	16	25	19	32	26	17	22	26	21	19	23	24	17	15	18	22	24	20	21	19	25	26	24	24	15	22	24	20	16	15	24	20	24	22	22	20	22	22	22	20	25	24	15	24	27	19	13	20	24	17	24	23	14	27	21	22	24	20	25	21	21	18	25	20	19	19
2022.43268161855	19	23	24	20	24	20	21	23	26	27	22	23	27	21	31	25	23	24	24	20	22	27	19	25	20	22	34	33	28	21	30	25	24	22	21	27	30	37	26	23	27	26	21	35	25	26	19	20	18	26	29	20	25	21	25	39	26	28	24	26	30	30	20	22	24	23	28	27	22	29	32	29	24	25	29	33	20	26	29	21	17	24	26	26	28	30	16	29	23	26	26	24	25	24	23	18	30	22	22	31
2022.47076713105	29	29	31	23	29	25	33	25	31	37	31	33	33	28	35	33	29	34	33	24	25	35	27	33	29	31	42	41	36	25	32	33	29	32	25	35	36	39	35	31	37	34	25	39	27	35	31	24	26	34	31	31	31	35	32	43	32	37	37	28	30	34	24	31	28	29	35	33	31	33	40	35	27	27	36	39	31	37	35	35	25	32	36	26	39	36	28	36	27	31	28	28	31	29	41	22	34	36	25	33
2022.50885264356	41	43	51	41	43	37	41	39	41	41	41	47	45	43	45	45	37	44	41	38	31	49	40	43	39	37	48	49	42	35	46	53	43	43	43	41	46	45	43	41	41	44	41	39	37	43	45	40	42	46	39	51	49	43	49	51	41	51	43	37	41	43	45	41	36	37	39	45	40	39	50	45	37	38	44	47	43	47	45	51	41	44	40	41	49	43	42	50	39	33	52	37	43	39	45	40	48	46	48	43
2022.54693815606	51	58	61	53	57	48	55	57	61	47	49	55	55	57	53	55	47	58	59	50	45	57	54	53	53	63	62	57	54	43	56	61	57	57	57	55	64	53	59	47	47	62	55	59	55	49	59	48	50	60	51	55	58	57	55	61	55	55	53	57	53	47	53	49	44	47	57	57	60	47	62	55	51	46	50	61	57	57	61	57	55	51	52	51	59	53	56	64	49	51	58	55	59	53	59	60	56	56	54	59
2022.58502366857	63	74	67	57	63	58	69	67	73	67	63	61	59	67	63	59	65	66	67	62	63	69	66	61	63	71	70	65	64	57	64	67	63	61	63	61	70	73	63	57	67	67	65	73	67	61	71	66	64	68	57	67	70	63	77	65	67	61	67	63	61	67	61	63	62	65	63	69	64	67	66	71	65	56	64	75	69	69	67	73	69	67	66	67	69	61	66	70	67	65	72	69	75	65	67	68	66	68	64	65
2022.62310918107	76	90	85	86	77	74	87	81	87	89	75	77	77	87	81	81	79	82	87	82	81	77	84	79	87	91	86	79	80	79	80	75	77	79	81	85	80	81	83	77	89	83	81	86	85	73	81	80	88	89	81	85	82	79	83	79	79	81	83	75	83	79	79	75	76	79	79	85	80	83	86	87	77	72	82	85	83	87	81	87	81	83	80	82	89	75	78	84	85	83	88	87	89	89	83	84	84	80	85	81
2022.66119469357	92	98	99	100	103	96	101	101	97	101	99	95	93	101	95	101	97	100	101	94	99	97	100	95	103	99	98	95	106	101	96	95	103	97	97	95	92	103	95	99	101	101	93	102	99	93	95	94	98	107	93	101	100	93	97	99	93	101	101	91	101	89	95	99	92	97	91	107	96	98	106	103	99	94	102	97	103	105	99	101	93	91	97	104	105	93	94	102	101	94	96	103	103	101	99	98	104	98	103	103
2022.69928020608	112	112	117	112	115	114	121	117	115	115	119	116	115	119	111	117	113	114	121	118	113	117	116	113	113	113	113	119	116	117	116	115	115	115	113	107	112	117	107	113	115	113	117	114	115	115	117	118	116	113	119	122	112	111	113	115	111	117	111	113	117	117	117	119	118	113	107	117	118	112	120	117	111	113	118	113	115	115	117	117	113	111	113	114	117	113	112	116	119	112	122	113	115	117	117	120	114	116	119	117
2022.73736571858	120	120	123	116	123	122	125	121	121	121	123	124	121	125	123	125	119	122	125	122	121	123	120	121	117	121	122	125	124	122	124	123	123	123	121	125	122	123	123	125	121	121	123	122	123	125	121	124	124	122	127	124	120	123	123	123	123	119	123	121	125	125	123	123	122	119	125	123	124	126	128	125	121	121	124	121	125	123	123	123	121	121	121	122	123	121	126	124	127	120	126	125	119	127	123	122	122	117	125	121
2022.77545123109	126	123	125	126	123	126	125	125	123	125	125	126	127	129	123	127	125	128	129	126	125	125	124	125	123	125	126	127	130	126	130	125	123	125	125	127	122	127	123	127	125	127	125	124	125	127	127	128	126	124	127	125	126	125	127	125	127	127	127	125	129	125	125	125	124	125	125	125	128	126	130	127	125	125	128	125	125	125	123	123	125	125	125	124	125	125	128	128	129	124	128	125	125	127	127	130	126	121	125	127
2022.81353674359	128	127	131	126	127	126	127	127	125	127	127	128	127	131	129	129	129	130	129	130	125	131	128	125	125	127	126	129	132	126	130	129	127	127	126	129	126	127	125	127	127	126	127	126	129	129	131	128	128	128	127	125	128	127	127	127	129	127	129	127	133	127	125	127	124	129	127	127	128	128	130	128	127	127	128	127	127	129	125	129	125	127	127	128	127	127	128	128	131	124	130	127	127	127	127	130	128	123	125	129
2022.85162225609	128	129	131	126	128	128	129	129	127	131	129	128	127	131	131	129	129	130	130	129	129	131	128	128	129	129	130	129	132	128	130	129	128	129	128	129	128	129	131	129	131	128	129	128	129	129	131	128	129	129	129	127	128	129	129	129	129	129	129	127	135	129	129	129	128	129	129	129	128	128	130	132	129	129	132	129	129	129	129	133	129	129	128	130	129	127	127	128	133	128	132	127	131	129	133	130	130	127	127	129
2022.8897077686	128	129	131	126	128	128	129	129	129	131	131	128	131	131	131	129	129	130	130	129	129	131	128	128	129	131	130	129	132	128	130	131	128	129	128	129	130	129	135	129	131	128	129	128	131	129	131	128	129	129	129	127	128	129	129	131	129	129	129	127	135	129	129	131	128	129	129	129	130	128	130	132	128	131	132	129	129	131	129	133	129	129	128	132	131	127	128	128	133	132	134	129	131	129	133	130	130	127	127	129
2022.9277932811	128	129	131	126	128	128	129	129	129	130	131	128	131	131	131	129	129	130	130	129	129	131	128	130	129	131	132	128	131	130	130	131	128	129	128	131	130	129	135	129	130	127	129	128	133	129	131	127	129	128	129	129	128	129	129	131	131	129	129	127	135	129	128	131	128	129	129	129	130	128	130	132	128	131	132	129	129	131	129	135	129	129	128	132	133	127	128	128	133	130	134	129	131	129	133	129	130	131	126	129
2022.96587879361	130	133	131	126	130	132	132	131	128	132	131	128	131	131	131	129	129	132	130	129	129	131	128	130	129	131	132	128	131	132	129	130	130	129	128	133	130	129	135	129	132	127	129	128	133	129	130	127	131	128	128	129	130	129	131	130	133	128	129	127	135	129	128	131	128	129	129	128	129	128	130	132	128	131	132	129	128	131	129	135	129	129	128	132	132	127	128	128	132	130	134	129	130	129	133	129	130	133	130	129
2023.00396430611	130	135	131	128	132	131	132	131	130	132	131	128	137	131	131	129	129	132	130	129	128	130	127	130	129	133	131	130	131	132	129	132	132	129	127	135	130	130	134	129	132	127	129	128	135	129	132	127	131	128	127	131	132	133	131	130	133	130	133	129	135	129	128	131	129	129	129	128	129	128	131	132	128	133	131	131	130	131	129	135	129	129	127	132	131	127	128	130	132	132	134	129	130	129	135	131	129	133	130	131
2023.04204981861	130	135	133	128	132	131	136	131	132	132	131	128	136	129	131	129	129	132	130	128	128	130	127	130	129	135	131	130	131	132	129	134	132	129	127	135	132	132	134	131	132	126	129	127	135	129	132	127	131	128	127	131	132	133	133	130	133	130	131	128	135	129	128	131	129	129	129	128	129	128	131	132	128	132	131	131	130	131	128	135	129	129	133	134	131	127	130	130	132	132	134	129	132	131	135	130	131	132	132	132
2023.08013533112	130	135	133	128	134	131	138	129	130	132	133	130	136	129	130	133	129	132	132	128	128	132	127	130	127	137	131	131	129	132	129	133	134	129	127	137	132	132	134	131	132	130	130	127	134	129	134	127	131	128	127	131	132	132	132	129	131	134	131	128	135	129	128	133	131	129	128	128	129	128	135	133	132	132	130	130	129	131	128	134	128	129	133	136	130	127	132	130	132	134	136	131	132	131	135	132	130	132	132	132
2023.11822084362	129	135	135	130	134	130	140	130	133	132	133	130	134	129	129	133	129	132	131	128	126	133	127	132	129	136	131	135	129	132	131	131	134	128	126	137	134	132	135	131	132	134	130	127	134	131	135	131	131	128	127	133	132	132	131	131	131	134	131	131	135	129	127	133	131	129	128	129	129	128	137	133	132	134	130	133	129	133	128	134	128	129	135	135	130	129	140	130	133	134	138	133	132	133	133	132	130	134	132	132
2023.15630635613	131	135	135	130	135	130	140	132	135	132	135	132	133	129	129	133	127	134	130	128	126	133	126	133	131	136	129	135	129	131	130	133	135	130	126	137	137	133	135	130	132	134	130	134	136	135	137	131	131	125	127	134	132	136	133	131	133	139	131	133	133	130	130	135	131	127	127	130	129	129	136	133	132	136	128	132	129	137	127	135	128	129	135	135	136	133	141	130	132	138	140	134	132	132	133	134	130	138	132	132
2023.19439186863	131	137	135	129	133	131	139	132	137	134	135	132	134	133	131	132	131	134	131	130	128	135	130	134	133	135	131	139	128	135	130	133	133	130	126	139	136	133	135	128	134	136	130	140	136	135	135	131	130	127	126	137	132	135	131	129	135	139	133	133	133	130	132	135	133	131	129	129	128	131	136	131	132	139	127	136	129	137	129	137	128	134	135	135	136	131	145	129	132	139	142	133	133	133	133	138	129	138	132	130
2023.23247738113	133	137	136	130	136	133	145	131	141	132	134	136	134	138	131	133	133	136	139	129	132	135	132	133	132	137	137	140	127	136	136	134	136	132	126	145	139	135	134	130	132	139	129	141	135	134	136	137	129	128	132	142	133	135	132	132	136	144	134	134	135	131	132	134	133	133	131	130	127	131	138	133	132	137	128	136	130	137	128	139	128	134	134	139	140	131	147	133	134	139	139	133	133	136	134	137	125	140	134	130
2023.27056289364	137	135	136	136	140	136	152	133	143	132	133	136	135	138	133	139	138	136	141	127	133	135	140	137	138	135	136	143	132	137	139	138	140	135	130	143	141	132	137	138	132	143	130	140	134	132	138	138	129	130	135	144	134	136	134	135	136	148	134	136	132	133	133	133	135	138	130	131	130	141	137	134	136	137	129	139	130	140	129	140	131	133	134	142	142	135	153	136	138	142	137	136	135	135	138	143	127	140	141	136
2023.30864840614	138	143	136	140	142	134	153	144	142	136	136	140	133	143	137	142	142	136	150	134	135	138	144	137	137	136	136	147	135	141	140	140	142	145	140	142	148	133	139	142	136	143	130	139	136	137	137	146	129	132	145	144	134	138	138	137	145	151	142	137	135	141	139	136	136	142	132	140	139	149	136	141	144	144	132	147	138	144	129	142	134	134	133	148	139	139	153	138	136	144	144	141	145	140	142	148	131	141	147	144
2023.34673391865	143	160	144	150	147	151	157	144	151	138	141	147	139	146	140	148	146	157	154	142	139	144	153	142	147	141	153	150	143	155	145	144	147	146	146	143	153	138	139	148	138	145	137	150	153	142	153	162	143	136	146	161	136	148	138	150	146	155	146	143	138	152	150	141	147	146	155	145	137	154	139	150	142	147	135	146	138	154	132	148	142	144	142	154	154	148	161	139	141	146	152	148	147	144	153	151	144	143	148	146
2023.38481943115	174	191	165	187	173	167	175	167	174	158	164	174	162	176	165	165	160	180	179	165	171	172	172	174	173	167	160	170	161	175	171	166	173	174	164	174	179	165	173	167	158	176	151	178	166	155	180	183	164	166	167	181	168	167	153	166	166	166	180	167	160	162	166	164	173	160	174	169	161	168	158	169	157	173	166	169	166	172	161	182	163	169	170	180	173	162	174	162	171	159	176	168	167	165	178	176	170	159	178	165
2023.42290494365	248	280	237	238	227	250	253	233	241	245	239	231	244	251	246	242	232	248	249	232	239	236	238	240	247	231	235	236	230	232	242	235	227	238	238	243	258	232	251	253	245	258	227	256	228	231	252	240	242	252	240	240	238	251	247	226	237	232	240	243	241	242	230	239	256	232	253	236	235	237	239	250	239	240	234	251	231	246	243	258	239	229	228	248	245	241	261	248	235	251	242	250	241	231	240	254	237	232	252	231
2023.46099045616	407	400	390	394	399	396	410	390	397	401	381	396	379	411	401	395	389	402	400	402	406	413	378	399	386	392	387	406	385	418	409	397	399	390	406	411	404	409	382	396	401	413	383	390	391	390	413	412	398	397	395	414	400	391	417	382	378	397	400	418	407	402	402	381	410	389	390	394	402	392	381	409	405	391	386	398	381	389	399	403	397	403	383	386	415	407	397	400	406	403	409	394	408	394	403	407	390	400	411	394
2023.49907596866	628	647	620	618	611	629	643	618	640	624	617	624	620	630	623	612	638	613	633	631	624	618	616	628	603	634	615	613	619	635	618	609	611	613	614	626	629	623	624	639	624	633	621	626	615	618	631	642	608	624	628	623	611	623	611	609	618	614	624	634	622	618	623	617	632	638	634	624	643	630	617	622	617	621	624	620	618	606	631	628	618	617	615	632	629	610	638	638	647	626	628	629	658	619	624	633	623	607	625	628
2023.53716148117	706	702	689	695	690	696	715	690	694	703	686	700	679	685	693	689	696	676	687	688	694	696	672	690	694	694	682	690	690	682	694	693	690	689	686	696	679	698	700	690	703	699	678	710	694	696	705	691	685	686	708	687	682	685	689	680	695	688	705	683	688	708	687	686	694	696	691	693	710	690	679	678	693	689	693	691	693	688	694	699	686	688	688	676	683	693	691	693	687	692	685	687	710	687	689	690	696	695	685	680
2023.57524699367	772	756	758	746	751	757	754	748	748	757	756	754	753	753	760	749	749	752	748	750	757	751	740	746	753	748	749	752	758	753	761	751	751	748	750	750	754	747	749	761	757	753	750	745	751	752	748	747	745	738	750	750	741	749	747	752	748	756	755	753	741	767	754	756	751	749	749	754	754	743	750	749	750	753	744	739	750	755	746	749	741	756	748	761	757	751	750	757	758	750	741	760	758	748	748	748	752	754	755	750
2023.61333250617	784	784	787	777	779	779	780	783	784	779	779	779	780	774	783	780	778	785	779	778	780	781	767	781	770	783	771	793	778	779	782	782	779	778	780	779	780	781	788	779	779	787	777	786	777	788	779	780	790	771	776	778	768	783	760	774	777	779	774	782	775	784	782	779	792	778	775	789	787	776	779	767	779	775	776	779	771	777	782	778	768	780	783	787	785	787	786	781	776	784	780	772	784	776	776	776	781	785	781	774
2023.65141801868	802	805	796	795	789	790	794	796	802	794	787	799	792	782	795	796	798	788	796	791	798	792	780	797	786	792	796	806	780	782	798	795	789	790	784	787	804	795	798	787	794	788	785	795	792	796	800	786	798	777	784	784	787	792	793	791	799	791	795	803	784	794	794	787	802	798	789	799	786	783	794	788	783	782	789	795	783	789	784	795	791	791	801	794	793	803	793	794	788	791	794	783	793	785	802	791	788	801	787	776
2023.68950353118	809	828	806	808	800	806	812	807	811	808	814	806	802	807	816	807	814	810	801	811	807	811	795	810	795	797	810	814	799	802	809	804	800	812	810	803	818	811	812	818	808	822	795	812	810	816	816	805	810	816	801	803	807	812	807	802	810	808	813	813	802	822	798	814	825	814	814	801	805	816	792	807	803	803	807	799	810	810	811	822	809	807	806	805	811	815	813	812	816	815	803	814	813	809	815	806	809	808	804	801
2023.72758904368	838	844	836	838	833	838	840	838	840	836	831	841	840	836	845	837	831	832	831	834	846	843	820	843	834	841	841	846	839	831	835	840	833	831	824	845	851	853	838	842	836	856	831	849	841	841	845	838	831	839	834	843	830	841	827	837	840	845	835	844	844	841	833	831	844	831	835	842	835	846	835	837	836	838	840	840	833	839	839	846	829	842	838	839	838	847	852	848	850	848	836	846	853	843	838	842	835	837	845	833
2023.76567455619	894	900	906	900	891	895	904	902	893	906	898	893	891	899	897	899	902	896	895	894	899	904	894	902	893	897	901	903	894	900	896	900	891	890	894	898	896	893	893	900	906	894	896	901	896	895	896	892	897	896	893	899	895	902	897	906	900	898	901	893	895	902	897	898	900	902	900	896	900	897	897	897	898	897	904	900	902	896	901	899	892	898	896	900	896	899	900	900	899	898	897	894	896	897	897	900	893	903	893	894
2023.80376006869	912	912	912	914	913	913	915	915	912	913	915	913	915	911	913	914	913	912	912	913	912	914	912	912	914	915	913	912	911	911	912	912	913	911	913	910	913	913	914	913	913	913	913	915	910	912	911	912	913	915	913	911	912	913	911	914	912	911	912	913	912	915	916	915	914	913	913	911	912	910	914	914	913	913	913	914	915	914	912	913	914	915	913	912	911	913	915	912	909	914	913	915	911	913	913	914	912	914	915	914
2023.8418455812	914	913	913	914	914	915	914	915	915	913	914	914	915	913	914	914	914	914	913	914	915	913	914	914	914	914	913	914	913	914	914	914	914	914	914	914	913	914	915	915	913	914	915	915	914	914	913	914	915	913	914	915	914	914	915	915	914	914	914	914	911	914	914	914	914	914	914	914	914	914	914	913	914	913	915	915	915	914	914	912	914	914	914	914	914	914	915	914	912	914	913	915	914	914	913	914	913	915	914	914
2023.8799310937	910	909	909	910	910	910	910	910	910	909	909	910	909	909	909	910	910	910	909	910	910	909	910	910	910	910	909	910	909	910	910	909	910	910	910	910	908	910	908	910	909	910	910	910	909	910	909	910	910	909	910	910	910	910	910	909	910	910	910	910	907	910	910	909	910	910	910	910	909	910	910	908	910	908	909	910	910	909	910	908	910	910	910	908	909	910	910	910	908	908	908	910	909	910	908	910	909	910	910	910
2023.9180166062	910	909	909	910	910	910	910	910	910	909	909	910	909	909	909	910	910	910	909	910	910	909	910	909	910	909	909	910	909	909	910	909	910	910	910	909	908	910	907	910	909	910	910	910	908	910	909	910	910	909	910	909	910	910	910	909	910	910	910	910	907	910	910	909	910	910	910	910	909	910	910	908	910	908	909	910	910	909	910	907	910	910	910	908	908	910	910	910	908	908	908	910	909	910	908	910	909	908	910	910
2023.95610211871	909	907	909	910	910	908	909	909	910	909	909	910	909	909	909	910	910	910	909	910	910	909	910	909	910	909	908	910	909	909	910	909	910	910	910	908	908	910	907	910	909	910	910	910	908	910	909	910	909	909	910	909	910	910	909	909	908	910	910	910	907	910	910	909	910	910	910	910	909	910	910	908	910	908	909	910	910	909	910	907	910	910	910	908	908	910	910	910	908	908	908	910	909	910	908	910	909	907	909	910
2023.99418763121	909	906	909	909	908	908	908	909	909	908	909	910	907	909	909	910	910	909	909	910	910	909	910	909	910	908	908	909	909	908	910	908	908	910	910	907	908	909	907	910	908	910	910	910	907	910	908	910	909	909	910	908	908	908	909	909	908	910	909	909	907	910	910	909	909	910	910	910	909	910	909	908	910	908	909	909	909	909	910	907	910	910	910	908	908	910	910	909	908	907	908	910	909	910	907	909	909	907	908	909
2024.03227314372	909	906	908	909	908	908	906	909	909	908	909	910	906	909	909	910	910	909	909	910	910	909	910	909	910	907	908	909	909	908	910	907	908	910	910	907	907	907	907	909	908	910	910	910	907	910	908	910	909	909	910	908	908	908	908	909	908	909	908	909	907	910	910	909	909	910	910	910	909	910	909	908	910	907	909	909	909	909	910	907	910	910	908	907	908	910	909	909	908	907	908	910	908	909	907	909	909	907	907	909
2024.07035865622	909	906	908	909	908	908	905	909	908	908	908	909	906	909	909	909	910	909	908	910	910	908	910	909	910	906	908	908	909	908	910	907	908	910	910	906	907	907	907	909	908	908	909	910	907	910	907	910	909	909	910	908	908	908	908	909	908	907	908	909	907	910	910	908	908	910	910	910	909	910	907	907	908	907	909	909	909	909	910	907	910	910	907	906	908	910	908	909	908	906	907	909	908	909	907	908	908	907	907	908
2024.10844416872	909	906	907	908	907	908	905	908	907	908	908	909	906	909	909	908	910	909	908	910	910	907	910	908	909	906	908	907	909	908	909	907	907	910	910	906	906	907	906	909	908	906	909	910	907	910	907	909	909	909	910	907	908	908	908	909	908	907	908	909	907	910	910	908	908	910	909	909	909	910	906	907	908	906	909	907	909	907	910	907	910	910	906	906	908	910	904	909	907	906	906	908	908	908	907	908	908	906	907	908
2024.14652968123	908	906	907	908	906	908	904	908	906	908	907	908	906	909	909	908	910	909	908	910	910	907	910	908	908	906	908	906	909	908	909	906	906	909	910	906	904	906	906	909	908	906	909	906	906	907	905	908	909	909	910	906	908	906	907	908	907	906	908	906	907	910	908	907	908	910	909	908	909	909	906	907	908	905	909	907	909	905	910	906	910	910	906	906	906	909	903	909	907	905	905	907	908	908	907	907	908	905	907	907
2024.18461519373	908	905	907	908	906	907	904	907	905	907	907	908	905	909	908	908	907	908	908	910	909	906	910	906	907	906	908	905	909	906	909	905	906	909	910	905	904	906	906	909	907	905	909	903	906	907	905	908	909	908	910	904	908	906	907	908	906	904	907	906	907	909	908	907	908	907	908	908	909	908	906	907	908	904	909	905	909	905	909	906	910	909	906	906	905	907	902	909	907	904	905	907	908	907	907	906	908	904	907	907
2024.22270070624	907	905	907	907	904	906	903	907	902	907	907	906	905	905	908	908	906	908	904	909	907	906	907	906	907	906	904	904	909	905	907	904	904	909	910	902	903	906	906	909	907	903	909	902	906	907	904	907	909	906	907	901	907	905	906	907	906	902	906	905	907	908	907	907	907	906	907	907	909	908	905	906	908	903	908	905	908	905	909	904	910	907	906	905	904	907	901	907	906	903	904	907	906	906	906	905	908	903	907	907
2024.26078621874	905	905	905	905	903	904	898	907	901	906	906	905	905	904	908	904	903	906	902	909	906	906	904	905	907	905	904	901	908	904	903	902	903	906	907	902	902	905	906	903	906	901	908	902	906	907	904	904	908	906	905	900	906	904	905	905	904	900	906	905	906	907	906	906	906	903	907	906	908	906	905	906	908	903	907	903	907	903	908	904	908	907	906	902	903	905	898	905	904	903	904	905	906	904	905	902	907	903	904	904
2024.29887173124	904	900	904	901	900	904	896	903	900	903	904	903	904	901	903	901	902	904	897	905	905	904	901	903	903	904	903	898	903	904	902	900	900	905	903	901	898	904	903	901	903	900	907	902	904	905	903	899	908	905	900	899	906	903	902	903	901	898	903	904	905	903	904	904	904	902	906	904	903	899	904	900	902	900	905	900	905	899	906	902	906	906	906	899	902	903	897	904	903	900	900	902	902	903	901	901	906	903	899	902
2024.33695724375	901	891	900	897	899	897	893	898	896	901	900	898	902	899	901	897	897	894	894	901	902	899	897	898	900	901	896	895	902	895	898	897	899	900	899	899	894	899	901	897	901	898	904	897	897	899	895	891	900	901	897	895	902	897	900	896	897	895	898	900	900	898	897	900	897	897	897	898	901	895	902	895	898	896	902	896	902	894	902	897	903	902	902	896	896	896	893	899	900	897	894	899	895	897	897	895	901	899	897	897
