time	tree_1	tree_2	tree_3	tree_4	tree_5	tree_6	tree_7	tree_8	tree_9	tree_10	tree_11	tree_12	tree_13	tree_14	tree_15	tree_16	tree_17	tree_18	tree_19	tree_20	tree_21	tree_22	tree_23	tree_24	tree_25	tree_26	tree_27	tree_28	tree_29	tree_30	tree_31	tree_32	tree_33	tree_34	tree_35	tree_36	tree_37	tree_38	tree_39	tree_40	tree_41	tree_42	tree_43	tree_44	tree_45	tree_46	tree_47	tree_48	tree_49	tree_50	tree_51	tree_52	tree_53	tree_54	tree_55	tree_56	tree_57	tree_58	tree_59	tree_60	tree_61	tree_62	tree_63	tree_64	tree_65	tree_66	tree_67	tree_68	tree_69	tree_70	tree_71	tree_72	tree_73	tree_74	tree_75	tree_76	tree_77	tree_78	tree_79	tree_80	tree_81	tree_82	tree_83	tree_84	tree_85	tree_86	tree_87	tree_88	tree_89	tree_90	tree_91	tree_92	tree_93	tree_94	tree_95	tree_96	tree_97	tree_98	tree_99	tree_100
2015.75171398298	0	0	2	0	0	0	0	0	0	0	0	0	0	0	0	0	0	0	0	0	0	0	0	0	0	0	0	0	0	0	0	0	0	0	0	0	0	0	0	0	0	0	0	0	0	0	0	0	0	0	0	0	0	0	0	0	0	0	0	0	0	0	0	0	0	0	0	0	0	0	0	0	0	0	0	0	0	0	0	0	0	0	0	0	0	0	0	0	0	0	0	0	0	0	0	0	0	0	0	0
2015.7948432362	0	0	2	0	0	0	0	0	0	0	0	0	0	0	0	0	0	0	0	0	0	0	0	0	0	0	0	0	0	0	0	0	0	0	0	0	0	0	0	0	0	0	0	0	0	0	0	0	0	0	0	0	0	0	0	0	0	0	0	0	0	0	0	0	0	0	0	0	0	0	0	0	0	0	0	0	0	0	0	0	0	0	0	0	0	0	0	0	0	0	0	0	0	0	0	0	0	0	0	0
2015.83797248942	0	0	2	0	0	0	0	0	0	0	0	0	0	0	0	0	0	0	0	0	0	0	0	0	0	0	0	0	0	0	0	0	0	0	0	0	0	0	0	0	0	0	0	0	0	0	0	0	0	0	0	0	0	0	0	0	0	0	0	0	0	0	0	0	0	0	0	0	0	0	0	0	0	0	0	0	0	0	0	0	0	0	0	0	0	0	0	0	0	0	0	0	0	0	0	0	0	0	0	0
2015.88110174263	0	0	2	0	0	0	0	0	0	0	0	0	0	0	0	0	0	0	0	0	0	0	0	0	0	0	0	0	0	0	0	0	0	0	0	0	0	0	0	0	0	0	0	0	0	0	0	0	0	0	0	0	0	0	0	0	0	0	0	0	0	0	0	0	0	0	0	0	0	0	0	0	0	0	0	0	0	0	0	0	0	0	0	0	0	0	0	0	0	0	0	0	0	0	0	0	0	0	0	0
2015.92423099585	0	0	2	0	0	0	0	0	0	0	0	0	0	0	0	0	0	0	0	0	0	0	0	0	0	0	0	0	0	0	0	0	0	0	0	0	0	0	0	0	0	0	0	0	0	0	2	0	0	0	0	0	0	0	0	0	0	0	0	0	0	0	0	0	0	0	0	0	0	0	0	0	0	0	0	0	0	0	0	0	0	0	0	0	0	0	0	0	0	0	0	0	0	0	0	0	0	0	0	0
2015.96736024907	0	0	2	0	0	0	0	0	0	0	0	0	0	0	0	0	0	0	0	0	0	0	0	0	0	0	0	0	0	0	0	0	0	0	0	0	0	0	0	0	0	0	0	0	0	0	2	0	0	0	0	0	0	0	0	0	0	0	0	0	0	0	0	0	0	0	0	0	0	0	0	0	0	0	0	0	0	0	0	0	0	0	0	0	0	0	0	0	0	0	0	0	0	0	0	0	0	0	0	0
2016.01048950229	0	0	2	0	0	0	0	0	0	0	0	0	0	0	0	0	0	0	0	0	0	0	0	0	0	0	0	0	0	0	0	0	0	0	0	0	0	0	0	0	0	0	0	0	0	0	2	0	0	0	0	0	0	0	0	0	0	0	0	0	0	0	0	0	0	0	0	0	0	0	0	0	0	0	0	0	0	0	0	0	0	0	0	0	0	0	0	0	0	0	0	0	0	0	0	0	0	0	0	0
2016.05361875551	0	0	2	0	0	0	0	0	0	0	0	0	0	0	0	0	0	0	0	0	0	0	0	0	0	0	0	0	0	0	0	0	0	0	0	0	0	0	0	0	0	0	0	0	0	0	2	0	0	0	0	0	0	0	0	0	0	0	0	0	0	0	0	0	0	0	0	0	0	0	0	0	0	0	0	0	0	0	0	0	0	0	0	0	0	0	0	0	0	0	0	0	0	0	0	0	0	0	0	0
2016.09674800872	0	0	2	0	0	0	0	0	0	0	0	0	0	0	0	0	0	0	0	0	0	0	0	0	0	0	0	0	0	0	0	0	0	0	0	0	0	0	0	0	0	0	0	0	0	0	2	0	0	0	0	0	0	0	0	0	0	0	0	0	0	0	0	0	0	0	0	0	0	0	0	0	2	0	0	0	0	0	0	0	0	0	0	0	0	0	0	0	0	0	0	0	0	0	0	0	0	0	0	0
2016.13987726194	0	0	2	0	0	0	0	0	0	0	0	0	0	0	0	0	0	0	0	0	0	0	0	0	0	0	0	0	0	0	0	0	0	0	0	0	0	0	0	0	0	0	0	0	0	0	2	0	0	0	0	0	0	0	0	0	0	0	0	0	0	0	0	0	0	0	0	0	0	0	0	0	2	0	0	0	0	0	0	0	0	0	0	0	0	0	0	0	0	0	0	0	0	0	0	0	0	0	0	0
2016.18300651516	0	0	2	0	0	0	0	0	0	0	0	0	0	0	0	0	0	0	0	0	0	0	0	0	0	0	0	0	0	0	0	0	0	0	0	0	0	0	0	0	0	0	0	0	0	0	2	0	0	0	2	0	0	0	0	0	0	0	0	0	0	0	0	0	0	0	0	0	0	0	0	0	2	0	0	0	0	0	0	0	0	0	0	0	0	0	0	0	0	0	0	0	0	0	0	0	0	0	0	0
2016.22613576838	0	0	4	0	0	0	0	0	0	0	0	0	0	0	0	0	0	0	0	0	0	0	0	0	0	0	0	0	0	0	0	0	0	0	0	0	0	0	0	0	0	0	0	0	0	0	2	0	0	0	2	0	0	0	0	0	0	0	0	0	0	0	0	0	0	0	0	0	0	0	0	0	2	0	0	0	0	0	0	0	0	0	0	0	0	0	0	0	0	0	0	0	0	0	0	0	0	0	0	0
2016.2692650216	0	0	3	0	0	0	0	0	0	0	0	0	0	0	0	0	0	0	0	0	0	0	0	0	0	0	0	0	0	0	0	0	0	0	0	0	0	0	0	0	0	0	0	0	0	0	2	0	0	0	2	0	0	0	0	0	0	0	0	0	0	0	0	0	0	0	0	0	0	0	0	0	2	0	0	0	0	0	0	0	0	0	0	0	0	0	0	0	0	0	0	0	0	0	0	0	0	0	2	0
2016.31239427482	0	0	3	0	0	0	0	0	0	0	0	0	0	0	0	0	0	0	0	0	0	0	0	0	0	0	0	0	0	0	0	0	0	0	0	0	0	0	0	0	0	0	0	0	0	0	2	0	0	0	2	0	0	0	0	0	0	0	0	0	0	0	0	0	0	0	0	0	0	0	0	0	2	0	0	0	0	0	0	0	0	0	0	0	0	0	0	0	0	0	0	0	0	0	0	0	0	0	2	0
2016.35552352803	0	0	3	0	0	0	0	0	0	0	0	0	0	0	0	0	0	0	0	0	0	0	0	0	0	0	0	0	0	0	0	0	0	0	0	0	0	0	0	0	0	0	0	0	0	0	2	0	0	0	2	0	0	0	0	0	0	0	0	0	0	0	0	0	0	0	0	0	0	0	0	0	2	0	0	0	0	0	0	0	0	0	0	0	0	0	0	0	0	0	0	0	0	0	0	0	0	0	2	0
2016.39865278125	0	0	3	0	0	0	0	0	0	0	0	0	0	0	0	0	0	0	0	0	0	0	0	0	0	0	0	0	0	0	0	0	0	0	0	0	0	0	0	0	0	0	0	0	0	0	2	0	0	0	2	0	0	0	0	0	0	0	0	0	0	0	0	0	0	0	0	0	0	0	0	0	2	0	0	0	0	0	0	0	0	0	0	0	0	0	0	0	0	0	0	0	0	0	0	0	0	0	4	0
2016.44178203447	0	0	3	0	0	0	0	0	0	0	0	0	0	0	0	0	0	0	0	0	0	0	0	0	0	0	0	0	0	0	0	0	0	0	0	0	0	0	0	0	0	0	0	0	0	0	2	0	0	0	2	0	0	0	0	0	0	0	0	0	0	0	0	0	0	0	0	0	0	0	0	0	2	0	0	0	0	0	0	0	0	0	0	0	0	0	0	0	0	0	0	0	0	0	0	0	0	0	4	0
2016.48491128769	0	0	3	0	0	0	0	0	0	0	0	0	0	0	0	0	0	0	0	0	0	0	0	0	0	0	0	0	0	0	0	0	0	0	0	0	0	0	0	0	0	0	0	0	0	0	2	0	0	0	2	0	0	0	0	0	0	0	0	0	0	0	0	0	0	0	0	0	0	0	0	0	2	0	0	0	0	0	0	0	0	0	0	0	0	0	0	0	0	0	0	0	0	0	0	0	0	0	4	0
2016.52804054091	0	0	3	0	0	0	0	0	0	0	0	0	0	0	0	0	0	0	0	0	0	0	0	0	0	0	0	0	0	0	0	0	0	0	0	0	0	0	0	0	0	0	0	0	0	0	2	0	0	0	2	0	0	0	0	0	0	0	0	0	0	0	0	0	0	0	0	0	0	0	0	0	2	0	0	0	0	0	0	0	0	2	0	0	0	0	0	0	0	0	0	0	0	0	0	0	0	0	4	0
2016.57116979412	0	0	3	0	0	0	0	0	0	0	0	0	0	0	0	0	0	0	0	0	0	0	0	0	0	0	0	0	0	0	0	0	0	2	0	0	0	0	0	0	0	0	0	0	0	0	2	0	0	0	2	0	0	0	0	0	0	0	0	0	0	0	0	0	0	0	0	0	0	0	0	0	2	0	0	0	0	0	0	0	0	2	0	0	0	0	0	0	0	0	0	0	0	0	0	0	0	0	4	0
2016.61429904734	0	0	3	0	0	0	0	0	0	0	0	0	0	0	0	0	0	0	0	0	0	0	0	0	0	0	0	0	0	0	0	0	0	2	0	0	0	0	0	0	0	0	0	0	0	0	2	0	0	0	2	0	0	0	0	0	0	0	0	0	0	0	0	0	0	0	0	0	0	0	0	0	2	0	0	0	0	0	0	0	0	2	0	0	0	0	0	0	0	0	0	0	0	0	0	0	0	0	4	0
2016.65742830056	0	0	3	0	0	0	0	0	0	0	0	2	0	0	0	0	0	0	0	0	0	0	0	0	0	0	0	0	0	0	0	0	0	2	0	0	0	0	0	0	0	0	0	0	0	0	2	0	0	0	2	0	0	0	0	0	0	0	0	0	0	0	0	0	0	0	0	0	0	0	0	0	2	0	0	0	0	0	0	0	0	2	0	2	0	0	0	0	0	0	0	0	0	0	0	0	0	0	4	0
2016.70055755378	0	0	3	0	0	0	0	0	0	0	0	2	0	0	0	0	0	0	0	0	0	0	0	0	0	0	0	0	0	0	0	0	0	2	0	0	0	0	0	0	0	0	0	0	0	0	2	0	0	0	2	0	0	0	0	0	0	0	0	0	0	0	0	0	0	0	0	0	0	0	0	0	2	0	0	0	0	0	0	0	0	2	0	2	0	0	0	0	0	0	0	0	0	0	0	0	0	0	4	0
2016.743686807	0	0	3	0	0	0	0	0	0	0	0	2	0	0	0	0	0	0	0	0	0	0	0	0	0	0	0	0	0	0	0	0	0	2	0	0	0	0	0	0	0	0	0	0	0	0	2	0	0	0	2	0	0	0	0	0	0	0	0	0	0	0	0	0	0	0	2	0	0	0	0	0	2	0	0	0	0	0	0	0	0	2	0	2	0	0	0	0	0	0	0	0	0	0	0	0	0	0	4	0
2016.78681606021	0	0	3	0	0	0	0	0	0	0	0	2	0	0	0	0	0	0	0	0	0	0	0	0	0	0	0	0	0	0	0	0	0	2	0	0	0	0	0	0	0	0	0	0	0	0	2	0	0	0	2	0	0	0	0	0	0	0	0	0	0	0	0	0	0	0	2	0	0	0	0	0	2	0	0	0	0	0	0	0	0	2	0	2	0	0	0	0	0	0	0	0	0	0	0	0	0	0	4	0
2016.82994531343	0	0	3	0	0	0	0	0	0	0	0	2	0	0	0	2	0	0	0	0	0	0	0	0	0	0	0	0	0	0	0	0	0	2	0	0	0	0	0	0	0	0	0	0	0	0	2	0	0	0	2	0	0	0	0	0	0	0	0	0	0	0	0	0	0	0	2	0	0	0	0	0	2	0	0	0	0	0	0	0	0	2	0	2	0	0	0	0	0	2	0	0	0	0	0	0	0	0	4	0
2016.87307456665	0	0	3	0	0	0	0	0	0	0	0	4	0	0	0	2	0	0	0	0	0	0	0	0	0	0	0	0	0	0	0	0	0	2	0	0	0	0	0	0	0	0	0	0	0	0	2	0	0	0	2	0	0	0	0	0	0	0	0	0	0	0	0	0	0	0	2	0	0	0	0	0	2	0	0	0	0	0	0	0	0	2	0	2	0	0	0	0	0	2	0	0	0	0	0	0	0	0	4	0
2016.91620381987	0	0	3	0	0	0	0	0	0	0	0	4	0	0	0	4	0	0	0	0	0	0	0	0	0	0	0	0	0	0	0	0	0	2	0	0	0	0	0	0	0	0	0	0	0	0	0	0	0	0	2	0	0	0	0	0	0	0	0	0	0	0	0	0	2	0	2	0	0	0	0	0	2	0	0	0	0	0	0	2	0	2	0	2	0	0	0	0	0	2	0	0	0	0	0	0	0	0	4	0
2016.95933307309	0	0	3	2	0	0	0	0	0	0	0	4	0	0	0	4	0	0	0	0	0	0	0	0	0	0	0	0	0	0	0	0	0	2	0	0	0	0	0	0	0	0	0	0	0	0	0	0	0	0	2	0	0	0	0	0	0	0	0	0	0	0	2	0	2	0	2	0	0	0	0	0	2	0	0	0	0	0	0	2	0	2	0	2	0	0	0	0	0	2	0	0	0	0	0	0	0	0	4	0
2017.00246232631	0	0	3	2	0	0	0	0	0	0	0	4	0	0	0	4	0	0	0	0	0	0	0	0	0	0	0	0	0	0	0	0	0	2	0	0	0	0	0	0	0	0	0	0	0	0	0	0	0	0	2	0	0	0	0	0	0	0	0	0	0	0	2	0	2	0	2	0	0	0	0	0	2	0	0	0	0	0	0	2	0	2	0	2	0	0	0	0	0	2	0	0	0	0	0	0	0	0	4	0
2017.04559157952	0	0	3	2	0	0	0	0	0	2	0	4	0	0	0	4	0	0	0	0	0	0	0	0	0	0	0	0	0	0	0	0	0	2	0	0	0	0	0	0	0	0	0	0	0	0	0	0	0	0	2	0	0	0	0	0	0	0	0	0	0	0	2	0	2	0	2	0	0	0	0	0	2	0	0	0	0	0	0	2	0	2	0	2	0	0	0	0	0	2	0	0	2	0	0	0	0	0	4	0
2017.08872083274	0	0	3	2	0	0	0	0	0	2	0	4	0	0	0	4	0	0	0	0	0	0	0	0	0	0	0	0	0	0	0	0	0	2	0	0	0	0	0	0	0	0	0	0	0	0	0	0	0	0	2	0	0	0	0	0	0	0	0	0	0	0	2	0	2	0	2	0	0	0	0	0	0	0	0	0	0	0	0	2	0	2	2	2	0	0	0	0	0	2	0	0	2	0	0	0	0	0	4	0
2017.13185008596	0	0	3	2	0	0	0	0	0	2	0	4	0	0	0	4	0	0	0	0	0	0	0	0	0	0	0	0	0	0	0	0	0	2	0	0	0	0	0	0	0	0	0	0	0	0	0	0	0	0	2	0	0	0	0	0	0	0	0	0	0	0	2	0	2	0	2	0	0	0	0	0	0	0	0	0	2	0	0	2	0	2	2	2	0	0	0	0	0	2	0	0	2	0	0	0	0	0	4	0
2017.17497933918	0	0	3	2	0	0	0	0	0	2	0	4	0	0	0	4	0	0	0	0	0	0	0	0	0	0	0	0	0	0	2	0	0	2	0	0	0	0	0	0	0	0	0	0	0	0	0	0	0	0	0	0	0	0	0	0	0	0	0	0	0	0	2	0	4	0	2	0	0	0	2	0	0	0	0	0	2	0	0	2	0	2	2	2	0	0	0	0	0	2	0	0	2	0	0	0	0	0	4	0
2017.2181085924	0	0	0	2	0	0	0	0	0	2	0	4	0	0	0	4	0	0	2	0	0	0	0	0	0	0	2	0	0	0	2	0	0	2	0	0	0	0	0	0	0	0	0	0	0	0	0	0	0	0	0	0	0	0	0	0	0	0	0	0	0	0	2	0	4	0	2	0	0	2	2	0	0	0	0	0	2	0	0	2	0	2	2	2	0	0	0	0	0	2	0	0	2	0	0	2	0	0	4	0
2017.26123784561	0	0	0	2	0	0	0	0	0	2	0	4	0	2	0	4	0	0	2	0	0	0	0	0	0	0	4	0	0	0	2	0	0	2	0	0	0	0	0	0	0	0	0	0	0	0	0	0	0	0	0	0	2	0	0	0	0	0	0	0	0	0	2	0	4	0	2	0	0	2	2	0	0	0	0	0	2	0	0	2	0	2	2	2	0	0	0	0	0	2	0	0	2	0	0	2	0	0	4	0
2017.30436709883	0	0	0	2	0	0	0	0	0	4	0	4	0	2	0	4	0	0	2	0	0	0	0	0	0	0	4	0	0	0	2	0	0	2	0	0	0	0	0	0	0	0	0	0	0	0	0	0	0	0	0	0	4	0	0	0	0	0	0	0	0	0	2	0	4	0	2	0	0	2	2	0	0	0	0	0	2	0	0	2	0	2	2	2	0	0	0	0	0	2	0	0	2	0	0	2	0	0	3	0
2017.34749635205	2	0	0	2	0	0	0	0	0	4	2	4	0	2	0	4	0	0	2	0	0	0	0	0	0	0	4	0	0	0	2	0	0	2	2	0	0	0	0	0	0	0	0	0	0	0	0	0	0	0	0	0	4	0	0	0	0	0	0	0	0	0	2	0	4	0	2	0	0	2	2	0	0	0	0	0	2	0	0	2	0	2	2	2	0	0	0	0	0	2	0	0	2	0	0	2	0	0	3	0
2017.39062560527	4	0	0	2	0	0	0	0	0	4	2	4	0	2	0	4	0	0	2	0	0	0	0	0	0	0	4	0	0	0	2	0	0	2	2	0	0	0	0	0	0	0	0	0	0	0	0	0	0	0	0	0	4	0	0	0	0	0	0	0	0	0	2	0	4	0	2	0	0	2	2	0	0	0	0	0	2	0	0	2	0	2	2	2	0	0	0	0	0	2	0	0	2	0	0	2	0	0	3	0
2017.43375485849	4	0	0	2	0	0	0	0	0	4	4	4	0	2	0	4	0	0	2	0	0	0	0	0	0	2	4	0	0	0	2	0	2	2	2	0	0	0	0	0	0	0	0	0	0	0	0	0	0	0	0	0	4	0	0	0	0	0	0	0	0	0	2	0	4	0	2	0	0	2	2	0	0	0	0	0	2	0	0	2	0	2	2	2	0	0	0	0	0	2	0	0	2	0	0	2	0	0	0	0
2017.4768841117	4	0	0	2	0	0	0	0	0	4	4	4	0	2	0	4	0	0	2	0	0	0	0	0	0	2	4	0	0	0	2	0	2	2	2	0	0	0	0	0	0	0	0	0	0	0	0	0	0	0	0	0	4	0	0	0	0	4	0	0	0	0	2	0	4	0	2	0	0	2	2	0	0	0	0	0	2	0	0	2	0	2	2	2	0	0	0	0	0	2	0	0	2	0	0	2	0	0	0	0
2017.52001336492	4	2	0	2	0	0	0	0	0	4	4	4	0	4	0	4	0	0	2	0	0	0	0	0	0	2	4	0	0	0	2	0	2	2	2	0	0	0	0	0	0	0	0	0	0	0	0	0	0	0	0	2	4	0	0	0	0	4	0	0	0	0	2	0	4	0	4	0	0	2	2	0	0	0	0	0	2	0	0	2	0	0	2	2	0	0	0	0	0	2	0	0	2	0	0	2	0	0	0	0
2017.56314261814	4	2	0	2	0	0	0	0	2	4	4	4	0	4	0	4	0	0	2	0	0	0	0	0	0	2	4	0	0	0	2	0	2	0	2	0	0	0	0	0	0	0	0	0	0	0	0	0	0	0	0	2	4	0	0	0	0	4	0	0	0	0	2	0	4	0	4	0	0	2	2	0	0	0	0	0	2	0	0	2	0	0	2	2	0	0	0	0	0	2	0	0	2	0	0	2	0	0	0	0
2017.60627187136	4	2	0	2	0	0	0	0	2	4	4	4	0	4	0	4	0	0	2	0	0	0	0	0	0	2	4	0	0	0	2	0	2	0	2	0	0	0	0	0	0	0	0	0	0	0	0	0	0	0	0	2	4	0	0	0	0	4	0	0	0	0	2	0	4	0	4	0	0	2	2	0	0	0	0	0	2	0	0	2	0	0	2	2	0	0	0	0	0	2	2	0	2	0	0	2	0	0	0	0
2017.64940112458	4	2	0	2	0	0	0	0	2	4	4	3	0	4	0	4	0	0	2	0	0	0	0	0	0	2	4	0	0	0	2	0	2	0	2	0	0	0	0	0	0	0	0	0	0	0	0	0	0	0	0	2	4	0	0	0	0	4	0	0	0	0	2	0	4	0	4	0	0	2	2	0	0	0	0	0	2	0	0	2	0	0	2	0	0	0	0	0	0	2	2	0	2	0	0	2	0	0	0	0
2017.6925303778	4	2	0	2	0	0	0	0	2	4	4	3	0	4	0	4	0	0	2	0	0	0	0	0	0	2	4	0	0	0	2	0	2	0	2	0	0	0	0	0	0	0	0	0	0	0	0	0	0	0	0	2	4	0	0	0	0	4	0	0	0	0	2	0	4	0	4	0	0	2	2	0	0	0	0	0	2	0	0	2	0	0	2	0	0	0	0	0	0	2	2	0	2	0	0	2	0	0	0	0
2017.73565963101	4	2	0	2	0	0	0	0	2	4	4	3	0	4	0	4	0	0	2	0	0	0	0	0	0	2	4	0	0	0	2	0	2	0	2	0	0	0	0	0	0	0	0	0	0	0	0	0	0	0	0	2	4	0	0	0	0	4	0	0	0	0	2	0	4	0	3	0	0	2	2	0	0	0	0	0	2	0	0	2	0	0	2	0	0	0	0	0	0	2	2	0	2	0	0	2	0	0	0	2
2017.77878888423	4	2	0	2	0	0	0	0	2	4	4	3	0	4	0	4	0	0	2	0	2	0	0	0	0	2	4	0	0	0	2	0	2	0	2	0	0	0	0	0	0	0	0	0	0	0	0	0	0	0	0	2	4	0	0	0	0	4	0	0	0	0	2	0	4	0	3	0	0	2	2	0	0	0	0	0	2	0	0	2	0	0	2	0	0	0	0	0	0	2	2	0	2	0	0	2	0	0	0	2
2017.82191813745	4	2	0	2	0	0	0	0	2	4	4	3	0	4	0	3	0	0	2	0	4	0	0	0	0	2	4	0	0	0	2	0	2	0	2	0	0	0	0	0	0	0	0	0	0	0	0	0	0	0	0	2	4	0	0	0	0	4	0	0	0	0	2	0	4	0	3	0	0	2	2	0	0	0	0	0	2	0	0	2	0	0	2	0	0	0	0	0	0	0	2	0	2	0	0	2	0	0	0	2
2017.86504739067	4	2	0	2	2	2	0	2	2	4	4	0	0	4	0	3	0	0	2	0	4	0	0	0	0	2	4	0	0	0	2	0	2	0	2	0	0	0	0	0	2	0	0	0	0	0	0	0	0	0	0	2	4	0	0	0	0	4	0	0	0	0	2	2	4	0	3	0	0	2	2	0	0	0	0	0	2	0	0	2	0	0	2	0	0	0	0	0	0	0	2	0	2	0	0	2	0	0	0	2
2017.90817664389	4	2	0	2	2	2	0	2	2	4	4	0	0	4	0	0	0	0	2	0	4	0	0	0	0	2	4	2	0	0	2	0	2	0	2	0	0	0	2	0	2	0	0	0	0	0	0	0	0	0	0	2	4	0	0	0	0	4	2	0	0	0	2	2	3	0	3	0	0	2	2	2	0	0	0	0	2	0	0	2	0	0	2	0	0	0	0	0	0	0	2	0	2	0	0	2	0	0	0	2
2017.9513058971	4	2	0	0	2	2	0	2	2	4	4	0	0	4	0	0	0	0	2	0	4	0	0	0	0	2	4	2	0	0	2	0	2	0	2	0	0	0	2	0	2	0	0	0	0	0	0	0	0	0	0	2	4	0	0	0	0	4	2	0	0	0	0	2	3	0	3	0	0	2	2	2	0	0	0	0	2	0	0	0	0	0	2	0	0	0	0	0	2	0	2	0	2	0	0	2	0	0	0	2
2017.99443515032	4	2	0	0	2	2	0	2	2	4	4	0	0	4	0	0	0	2	2	0	4	0	0	0	0	2	4	2	0	0	2	0	2	0	2	0	0	0	2	0	2	0	0	0	0	0	0	0	0	0	0	2	4	0	0	0	0	4	2	0	0	0	0	2	3	0	3	0	0	2	2	2	0	0	0	0	2	0	0	0	0	0	2	0	0	0	0	0	2	0	2	0	2	0	0	2	0	0	0	2
2018.03756440354	4	2	0	0	4	2	0	2	2	3	4	0	0	4	0	0	0	2	2	0	4	0	0	0	0	2	4	2	0	0	2	2	2	0	2	0	0	0	2	2	2	0	0	0	0	0	0	0	0	0	0	2	4	2	0	0	0	4	2	0	0	0	0	2	3	0	3	0	0	2	2	4	0	0	2	0	4	0	0	0	2	0	2	0	2	0	0	0	2	0	2	0	0	0	0	2	0	0	0	2
2018.08069365676	4	2	0	0	4	2	0	2	2	3	4	0	0	4	0	0	0	2	2	0	4	0	0	0	0	2	4	2	0	0	2	2	2	0	2	0	0	0	2	2	4	0	0	0	2	0	0	0	0	0	0	2	4	2	0	2	0	4	2	0	0	0	0	2	3	0	3	0	0	2	2	4	0	0	2	0	4	0	0	0	2	0	0	0	2	0	0	0	2	0	2	0	0	0	0	2	0	0	0	2
2018.12382290998	4	2	0	0	4	2	0	2	2	3	4	0	0	4	0	0	0	2	2	0	4	0	0	0	0	2	4	2	0	0	2	2	2	0	2	0	0	0	2	2	4	0	0	0	2	0	0	0	0	0	0	2	4	2	0	4	0	4	2	0	0	0	0	2	3	0	3	0	0	2	2	4	0	0	2	0	3	0	0	0	2	0	0	0	2	0	0	0	2	0	2	0	0	0	0	2	0	0	0	2
2018.1669521632	4	2	0	0	4	2	0	2	2	3	4	0	0	4	0	0	0	2	2	0	4	0	0	0	0	2	4	2	0	0	0	2	2	0	2	0	0	0	2	2	4	0	0	0	2	0	3	0	0	0	0	2	4	2	0	4	0	4	2	2	0	0	0	2	0	0	3	0	0	2	0	4	0	0	2	0	3	0	0	0	2	0	0	0	4	0	0	0	2	0	2	0	0	0	0	2	0	0	0	4
2018.21008141641	4	2	0	0	4	2	0	2	2	3	4	0	0	4	0	0	0	2	0	0	4	0	0	0	0	2	3	4	0	0	0	2	2	0	2	0	0	0	2	2	4	0	0	0	2	0	3	0	0	0	0	2	4	2	0	4	0	4	2	2	0	0	0	2	0	0	3	0	0	0	0	4	0	0	2	0	3	0	0	0	2	0	0	0	4	0	0	0	2	0	2	0	0	0	0	0	0	0	0	4
2018.25321066963	4	2	0	0	4	2	0	2	2	3	4	0	0	3	0	0	0	2	0	0	4	0	0	0	0	2	0	4	0	0	0	2	2	0	2	0	0	0	2	2	4	0	0	0	2	0	3	0	0	0	0	2	3	2	0	4	0	4	2	2	0	0	0	2	0	0	3	0	0	0	0	4	0	0	2	0	3	0	0	0	2	0	0	0	4	0	0	0	2	0	2	2	0	0	0	0	0	0	0	4
2018.29633992285	4	2	0	0	4	2	0	2	2	0	4	0	0	3	0	0	0	2	0	0	4	0	0	0	0	2	0	4	0	0	0	4	2	0	2	0	0	0	2	2	4	0	0	0	2	0	3	0	0	0	0	2	0	2	2	4	0	4	2	2	0	0	0	2	0	0	3	0	0	0	0	4	0	0	2	0	3	0	0	0	2	0	0	0	4	0	0	0	2	0	2	2	0	0	2	0	0	0	0	4
2018.33946917607	4	2	0	0	4	2	0	2	2	0	3	0	0	3	0	0	0	2	0	0	4	0	0	0	0	2	0	4	0	0	0	4	2	0	0	0	0	0	2	2	4	0	0	0	2	0	3	0	0	0	0	2	0	2	2	4	0	4	2	2	0	0	0	2	0	0	3	0	0	0	0	4	0	0	2	0	3	0	0	0	2	0	0	0	4	0	0	4	2	0	2	2	0	0	2	0	0	0	0	4
2018.38259842929	0	2	0	0	4	2	0	2	2	0	3	0	0	3	0	0	0	2	0	0	4	0	0	0	0	2	0	4	0	0	0	4	2	0	0	0	2	0	2	2	4	0	0	0	2	0	3	0	0	0	0	2	0	2	2	4	0	4	2	2	0	0	0	2	0	0	3	0	0	0	0	4	0	0	2	0	3	0	0	0	2	0	0	0	4	0	0	4	2	0	2	2	0	0	2	0	0	0	0	4
2018.4257276825	0	2	0	0	4	2	0	2	2	0	3	0	0	3	0	0	0	2	0	0	4	0	0	0	0	0	0	4	0	0	0	4	0	0	0	0	2	0	2	2	4	0	0	0	2	0	3	2	0	0	0	2	0	2	2	4	0	4	2	4	0	0	0	2	0	0	3	0	0	0	0	4	0	0	2	0	3	0	0	0	2	0	0	0	4	0	0	4	2	0	2	2	0	0	2	0	0	0	0	4
2018.46885693572	0	4	0	0	4	2	0	2	2	0	0	0	0	3	0	0	0	2	0	0	4	0	0	0	0	0	0	4	0	0	0	4	0	0	0	0	2	0	2	2	4	0	0	0	2	0	3	2	0	0	0	2	0	2	2	4	0	0	2	4	0	0	0	2	0	0	3	0	0	0	0	4	0	2	2	0	3	0	0	0	2	0	0	0	4	0	0	4	2	0	2	2	0	0	2	0	0	0	0	4
2018.51198618894	0	3	0	0	4	2	0	2	2	0	0	0	0	0	2	0	0	2	0	0	4	0	0	0	0	0	0	4	0	0	0	4	0	0	0	0	2	0	2	2	4	0	0	0	2	0	3	2	0	0	0	0	0	2	2	4	0	0	2	4	0	0	0	2	0	0	0	0	0	0	0	4	0	2	2	0	3	0	0	0	2	0	0	0	4	0	0	4	2	0	2	2	0	0	2	0	2	0	0	4
2018.55511544216	0	3	0	0	4	2	0	2	0	0	0	0	0	0	2	0	0	2	0	0	4	0	0	0	0	0	0	4	0	0	0	4	0	0	0	2	2	0	2	2	4	0	0	0	2	0	3	2	0	0	0	0	0	2	2	4	0	0	2	4	0	0	0	2	0	0	0	0	0	0	0	4	0	2	2	0	3	2	0	0	2	0	0	0	4	0	0	4	2	0	2	2	0	0	2	0	2	0	0	4
2018.59824469538	0	3	0	0	4	2	0	2	0	0	0	0	0	0	2	0	0	2	0	0	4	0	0	0	2	0	0	4	0	2	0	4	0	0	0	2	2	0	2	2	4	0	0	0	2	0	3	2	0	0	0	0	0	4	2	4	0	0	2	4	0	4	0	2	0	2	0	0	4	0	0	4	0	2	2	0	3	2	0	0	2	0	0	0	4	0	0	4	2	0	0	2	0	0	2	0	2	0	0	4
2018.6413739486	0	3	0	0	4	2	0	2	0	0	0	0	0	0	2	0	0	2	0	0	4	0	0	0	2	0	0	4	0	2	0	4	0	0	0	2	2	0	2	2	4	0	0	0	2	0	3	2	0	0	0	0	0	4	2	4	0	0	2	4	0	4	0	2	0	2	0	0	4	0	0	4	0	2	2	0	3	2	0	0	2	0	0	0	4	0	0	4	2	0	0	2	0	0	2	0	2	0	0	4
2018.68450320181	0	3	0	0	4	2	0	2	0	0	0	0	0	0	2	0	0	2	0	0	4	0	0	0	2	0	0	4	0	2	0	4	0	0	0	4	4	0	2	2	4	0	0	0	2	0	3	2	0	0	0	0	0	4	2	4	0	0	2	4	0	4	0	2	0	2	0	0	4	0	0	4	0	2	2	0	3	2	0	0	2	0	0	0	4	0	0	4	2	0	0	2	0	0	2	0	2	0	0	4
2018.72763245503	0	3	0	0	4	2	0	2	0	0	0	0	0	0	2	0	0	2	0	0	4	2	0	0	2	0	0	4	0	2	0	4	0	0	0	4	4	2	2	2	4	0	0	0	4	0	3	2	0	0	0	0	0	4	2	4	0	0	2	4	0	4	0	2	0	2	0	0	4	0	0	4	0	2	2	0	3	2	0	0	2	0	0	0	4	0	0	4	2	0	0	2	0	0	2	0	2	0	0	3
2018.77076170825	0	3	0	0	4	2	0	2	0	0	0	0	2	0	2	0	0	2	0	0	3	2	0	0	2	0	0	4	0	2	0	4	0	0	0	4	4	2	2	2	4	0	0	0	4	0	3	2	0	0	0	0	0	4	2	4	0	0	2	4	0	4	0	2	0	2	0	0	4	0	0	4	0	2	2	0	3	2	0	0	2	0	0	0	4	0	0	4	2	0	0	2	0	0	2	0	2	0	0	3
2018.81389096147	0	3	0	0	4	2	0	2	0	0	0	0	2	0	2	0	0	2	0	0	0	2	0	0	2	0	0	4	0	2	0	4	0	0	0	4	4	2	2	2	4	0	0	0	4	0	3	2	0	0	0	0	0	4	2	4	0	0	2	4	0	4	0	2	0	2	0	0	4	0	0	4	0	2	2	0	3	2	0	0	2	0	0	0	4	0	0	4	2	0	0	2	0	0	2	0	2	0	0	3
2018.85702021469	0	3	0	0	3	0	0	0	0	0	0	0	2	0	2	0	0	2	0	0	0	2	0	0	2	0	0	4	2	2	0	4	0	0	0	4	4	2	2	2	3	0	0	0	4	0	3	2	0	0	0	0	0	4	2	4	0	0	2	4	0	4	0	2	0	2	0	0	4	0	0	4	0	2	2	0	3	2	0	0	2	0	0	0	4	0	0	4	2	0	0	2	0	0	2	0	2	0	0	3
2018.9001494679	0	3	0	0	3	0	0	0	0	0	0	0	2	0	2	0	0	2	0	0	0	2	0	0	2	0	0	3	2	2	0	4	0	0	0	4	4	2	0	2	3	0	0	0	4	0	3	2	0	0	0	0	0	4	2	4	0	0	2	4	0	4	0	0	0	2	0	0	4	0	0	3	0	2	2	0	3	2	0	0	2	0	0	0	4	0	0	4	2	0	0	2	0	0	2	0	2	0	0	3
2018.94327872112	0	3	0	0	3	0	0	0	0	0	0	0	2	0	2	0	0	2	0	0	0	2	2	0	2	0	0	3	2	2	0	4	0	0	0	4	4	2	0	2	3	0	0	0	4	0	3	2	0	0	0	0	0	4	2	4	0	0	0	4	0	4	0	0	0	2	0	0	4	0	0	3	0	2	2	0	3	2	0	0	2	0	0	0	4	0	0	4	2	0	0	2	0	0	2	0	4	0	0	3
2018.98640797434	0	3	0	0	3	0	0	0	0	0	0	0	2	0	4	0	0	0	0	0	0	2	2	0	2	0	0	3	2	2	0	4	0	0	0	4	4	2	0	2	3	0	0	0	4	0	3	2	0	0	0	0	0	4	2	4	0	0	0	4	0	4	0	0	0	2	0	0	4	0	0	3	0	2	2	0	3	2	0	0	2	0	0	0	4	0	0	4	0	0	0	2	0	2	2	0	4	0	0	3
2019.02953722756	0	3	0	0	0	0	0	0	0	0	0	0	2	0	4	0	0	0	0	0	0	2	2	0	2	0	0	3	2	2	0	3	0	0	0	4	4	2	0	0	3	0	0	2	4	0	3	2	0	0	0	0	0	3	2	4	0	0	0	4	2	4	0	0	0	2	0	0	4	0	0	0	0	2	0	0	0	2	2	0	0	0	0	0	3	0	0	4	0	0	0	2	0	2	2	0	4	2	0	3
2019.07266648078	0	3	0	0	0	0	0	0	0	0	0	0	2	0	4	0	0	0	0	0	0	2	2	0	2	0	0	3	2	2	0	3	0	0	0	4	4	2	0	0	0	0	0	2	3	0	3	2	0	0	0	0	0	3	2	3	0	0	0	4	2	4	0	0	0	2	0	0	4	0	0	0	0	2	0	0	0	2	2	0	0	0	0	0	3	0	0	4	0	0	0	2	0	2	2	0	4	2	0	3
2019.11579573399	0	3	0	0	0	0	0	0	0	0	0	0	2	0	4	0	0	0	0	0	0	2	2	0	2	0	0	3	2	2	0	3	0	0	0	4	4	2	0	0	0	0	0	2	3	0	3	2	0	0	0	0	0	3	2	0	0	0	0	4	2	4	0	0	0	2	0	0	4	0	0	0	0	2	0	0	0	2	2	0	0	0	0	0	3	0	2	4	0	0	0	2	0	2	2	0	4	2	0	3
2019.15892498721	0	3	0	0	0	0	0	0	0	0	0	0	2	0	4	0	0	0	0	2	0	2	2	2	2	0	0	3	2	2	0	3	0	0	0	4	4	2	0	0	0	0	0	2	3	0	3	2	0	2	0	0	0	3	2	0	0	0	0	4	2	4	0	0	0	2	0	0	4	0	0	0	0	2	0	0	0	2	2	0	0	0	0	0	0	0	2	4	0	0	0	2	0	2	2	0	4	2	0	0
2019.20205424043	0	3	0	0	0	0	2	0	0	0	0	0	2	0	4	0	0	0	0	2	0	2	2	2	2	0	0	0	2	2	0	3	0	0	0	4	4	2	0	0	0	0	0	2	3	0	0	2	0	2	0	0	0	3	2	0	0	0	0	3	2	4	0	0	0	2	0	0	4	0	0	0	0	2	0	0	0	2	2	0	0	0	0	0	0	0	2	4	0	0	0	2	0	2	2	0	4	2	0	0
2019.24518349365	0	3	0	0	0	0	2	0	0	0	0	0	2	0	4	0	0	0	0	2	0	2	2	2	2	0	0	0	2	2	0	3	0	0	0	4	4	2	0	0	0	0	0	2	3	0	0	2	2	2	0	0	0	3	2	0	0	0	0	3	2	4	3	0	0	2	0	0	4	0	0	0	0	2	0	2	0	2	2	0	0	0	0	0	0	0	2	4	0	0	0	0	0	2	2	0	4	2	0	0
2019.28831274687	0	3	0	0	0	0	2	0	0	0	0	0	2	0	4	0	0	0	0	2	0	2	2	2	2	0	0	0	2	2	0	3	0	0	0	4	4	2	0	0	0	2	0	2	3	0	0	2	2	2	0	0	0	3	0	0	0	0	0	3	2	4	5	0	0	2	0	0	4	0	0	0	0	2	0	4	0	2	2	0	0	0	0	0	0	2	2	4	0	0	0	0	0	2	0	0	4	2	0	0
2019.33144200009	0	3	0	0	0	0	2	0	0	0	0	0	2	0	4	0	0	0	0	2	0	2	2	2	2	0	0	0	2	2	0	0	0	0	0	4	4	2	0	0	0	2	0	2	3	0	0	2	2	2	0	0	0	3	0	0	2	0	0	3	2	4	5	0	0	2	0	0	4	0	0	0	0	2	0	4	0	2	2	0	0	0	0	0	0	2	2	0	0	0	0	0	0	2	0	0	4	2	0	0
2019.3745712533	0	3	0	0	0	0	2	0	0	0	0	0	2	0	4	0	0	0	0	2	0	2	2	2	2	0	0	0	2	2	0	0	0	0	0	4	3	2	0	0	0	2	0	2	3	0	0	2	2	2	0	0	0	3	0	0	2	0	0	3	2	4	5	0	0	2	0	0	4	0	0	0	0	2	0	4	0	2	2	0	0	0	0	0	0	2	2	0	0	0	0	0	0	2	0	0	4	2	0	0
2019.41770050652	0	3	0	0	0	0	2	0	0	0	0	0	2	0	4	0	0	0	0	2	0	2	2	2	2	0	0	0	2	2	0	0	0	0	0	4	3	2	0	0	0	2	0	2	3	0	0	2	2	2	0	0	0	3	0	0	2	0	0	0	2	4	5	0	0	2	0	2	4	0	0	0	0	2	0	4	0	2	2	0	0	0	0	0	0	2	2	0	0	0	0	0	0	2	0	0	4	2	0	0
2019.46082975974	0	0	0	0	0	0	2	0	0	0	0	0	2	0	6	0	2	0	0	2	0	2	2	2	2	0	0	0	2	2	0	0	0	0	0	4	3	2	0	0	0	2	2	2	3	0	0	0	2	2	0	0	0	3	0	0	2	0	0	0	4	4	5	0	0	2	0	2	4	0	0	0	0	0	0	4	0	2	2	0	0	0	0	0	0	2	2	0	0	0	0	0	0	2	0	0	4	2	0	0
2019.50395901296	0	0	0	0	0	0	2	0	0	0	0	0	2	0	5	0	2	0	0	2	0	4	2	2	2	0	0	0	2	2	0	0	0	0	0	4	3	2	0	0	0	2	2	2	3	0	0	0	2	2	0	0	0	3	0	0	2	0	0	0	4	4	5	0	0	2	0	2	6	0	0	0	0	0	0	4	0	2	2	0	0	0	0	0	0	2	2	0	0	0	0	0	0	2	0	0	3	2	0	0
2019.54708826618	0	0	0	0	0	0	2	0	0	0	0	0	4	0	5	0	2	0	0	2	0	4	2	2	2	0	0	0	2	2	0	0	0	0	0	4	3	2	0	0	0	2	2	2	3	0	0	0	2	2	0	0	0	3	0	0	2	0	0	0	4	4	5	0	0	2	0	2	6	0	0	0	0	0	0	4	0	0	2	0	0	0	0	0	0	2	2	0	0	0	0	0	0	2	0	0	3	2	0	0
2019.59021751939	0	0	0	0	0	0	2	0	0	0	0	0	4	0	5	0	2	0	0	2	0	4	2	2	0	0	0	0	2	0	0	0	0	0	0	3	3	2	0	0	0	4	2	4	3	0	0	0	2	2	0	0	0	0	0	0	2	0	0	0	4	3	5	0	0	0	0	2	3	0	0	0	0	0	0	4	0	0	2	0	0	0	0	0	0	2	2	0	0	0	0	0	0	2	0	0	3	2	0	0
2019.63334677261	0	0	0	0	0	0	2	0	0	0	0	0	4	0	5	0	2	3	0	4	0	4	2	2	0	0	0	0	2	0	0	0	0	0	0	3	3	2	0	0	0	4	2	4	3	0	0	0	2	2	0	0	0	0	0	0	2	0	0	0	4	0	5	0	0	0	0	2	3	0	0	0	0	0	0	4	0	0	2	0	0	0	0	0	0	2	2	0	0	0	0	0	0	2	0	0	3	2	0	0
2019.67647602583	0	0	0	0	0	0	2	0	0	0	0	0	4	0	5	0	2	3	3	4	0	4	2	2	0	0	0	0	2	0	0	0	0	0	0	0	0	2	0	0	0	4	2	4	3	0	0	0	2	2	0	0	0	0	0	0	2	0	0	0	4	0	5	0	0	0	0	2	3	0	0	0	0	0	0	4	0	0	2	0	0	0	0	0	0	2	2	0	0	0	0	0	0	2	0	0	3	2	0	0
2019.71960527905	0	0	0	0	0	0	2	0	0	0	0	0	4	0	5	0	2	3	3	4	0	3	2	2	0	0	0	0	2	0	0	0	0	0	0	0	0	2	0	0	0	4	2	4	0	0	0	0	2	2	0	0	0	0	0	0	2	0	0	0	4	0	5	0	0	0	0	2	3	0	0	0	0	0	0	4	0	0	2	0	0	0	0	0	0	2	2	0	0	0	0	0	0	2	0	0	3	2	0	0
2019.76273453227	0	0	0	0	0	0	2	0	0	0	0	0	3	0	5	0	2	3	3	4	0	3	4	2	0	0	0	0	2	0	0	0	0	0	0	0	0	0	0	0	0	4	2	4	0	0	0	0	2	2	0	0	0	0	0	0	2	0	0	0	4	0	5	0	0	0	0	2	3	0	0	0	0	0	0	4	0	0	2	0	0	0	0	0	0	2	2	0	0	0	0	0	0	2	0	0	3	2	0	0
2019.80586378549	0	0	0	0	0	0	2	0	0	0	0	0	3	0	5	0	2	3	3	4	0	3	4	2	0	0	0	0	2	0	0	0	0	0	0	0	0	0	0	0	0	4	2	4	0	0	0	0	2	2	0	0	0	0	0	0	2	0	0	0	4	0	5	0	0	0	0	2	3	0	0	0	0	0	0	4	0	0	2	0	0	0	0	0	0	2	2	0	0	0	0	0	0	2	0	0	3	2	0	0
2019.8489930387	0	0	0	0	0	0	2	0	0	0	0	0	3	0	5	0	2	3	3	4	0	3	4	2	0	0	0	0	0	0	0	0	0	0	0	0	0	0	0	0	0	4	2	4	0	2	0	0	2	2	0	0	0	0	0	0	2	0	0	0	4	0	5	0	0	0	0	2	3	0	0	0	0	0	0	4	0	0	2	0	0	0	0	0	0	2	2	0	0	0	0	0	0	2	0	0	3	2	0	0
2019.89212229192	0	0	0	0	0	0	2	0	0	0	0	0	3	0	5	0	2	3	3	4	0	3	4	2	0	0	0	0	0	0	0	0	0	0	0	0	0	0	0	0	0	4	2	4	0	2	0	0	2	2	0	0	0	0	0	0	2	0	0	0	4	0	5	0	0	0	0	2	3	0	0	0	0	0	0	4	0	0	2	0	0	0	0	0	0	2	2	0	0	0	0	0	0	2	0	0	3	2	0	0
2019.93525154514	0	0	0	0	0	0	2	0	0	0	0	0	3	0	5	0	2	3	3	4	0	3	3	2	0	0	0	0	0	0	0	0	0	0	0	0	0	0	0	0	0	4	2	4	0	2	0	0	2	2	0	0	0	0	0	0	2	0	0	0	4	0	5	0	0	0	0	2	3	0	0	0	0	0	0	4	0	0	2	0	0	0	0	0	0	2	2	0	0	0	0	0	0	2	0	0	0	2	0	0
2019.97838079836	0	0	0	0	0	0	2	0	0	0	0	0	3	0	3	0	2	3	3	4	0	3	3	2	0	0	0	0	0	0	0	0	0	0	0	0	0	0	0	0	0	4	2	4	0	2	0	0	2	2	0	0	0	0	0	0	2	0	0	0	4	0	5	0	0	0	0	2	3	0	0	0	0	0	0	4	0	0	2	0	0	0	0	0	0	2	2	0	0	0	0	0	0	0	0	0	0	2	0	0
2020.02151005158	0	0	0	0	0	0	2	0	0	0	0	0	3	0	3	0	2	3	3	4	0	3	3	2	0	0	0	0	0	0	0	0	0	0	0	0	0	0	0	0	0	4	2	3	0	2	0	0	2	2	0	0	0	0	0	0	2	0	0	0	3	0	5	0	0	0	0	2	3	0	0	0	0	0	0	4	0	0	2	0	0	0	0	0	0	2	2	0	0	0	0	0	0	0	0	0	0	0	0	0
2020.06463930479	0	0	0	0	0	0	2	0	0	0	0	0	3	0	3	0	2	3	3	4	0	3	3	2	0	0	0	0	0	0	0	0	0	0	0	0	0	0	0	0	0	4	2	3	0	2	0	0	2	2	0	0	0	0	0	0	2	0	0	0	3	0	5	0	0	0	0	2	3	0	0	0	0	0	0	4	0	0	0	0	0	0	0	0	0	2	2	0	0	0	0	0	0	0	0	0	0	0	0	0
2020.10776855801	0	0	0	0	0	0	2	0	0	0	0	0	3	0	3	0	2	3	3	4	0	3	3	2	0	0	0	0	0	0	0	0	0	0	0	0	0	0	0	0	0	4	2	3	0	2	0	0	2	2	0	0	0	0	0	0	2	0	0	0	3	0	5	0	0	0	0	2	3	0	0	0	0	0	0	4	0	0	0	0	0	0	0	0	0	2	0	0	0	0	0	0	0	0	0	0	0	0	0	0
2020.15089781123	0	0	0	0	0	0	2	0	0	0	0	0	3	0	3	0	2	3	3	4	0	3	3	0	0	0	0	0	0	0	0	0	0	0	0	0	0	0	0	0	0	4	2	3	0	2	0	0	2	2	0	0	0	0	0	0	2	0	0	0	3	0	5	0	0	0	0	2	3	0	0	0	0	0	0	4	0	0	0	0	0	0	0	0	0	2	0	0	0	0	0	0	0	0	0	0	0	0	0	0
2020.19402706445	0	0	0	0	0	0	0	0	0	0	0	0	3	0	3	0	2	3	3	3	0	3	3	0	0	0	0	0	0	0	0	0	0	0	0	0	0	0	0	0	0	4	2	3	0	2	0	0	2	0	0	0	0	0	3	0	2	0	0	0	3	0	5	0	0	0	0	2	3	0	0	0	0	0	0	4	0	0	0	0	0	0	0	0	0	2	0	0	0	0	0	0	0	0	3	0	0	0	0	0
2020.23715631767	0	0	0	0	0	0	0	0	0	0	0	0	3	0	3	0	2	3	3	3	0	3	3	0	0	0	0	0	3	0	0	0	0	0	0	0	0	0	0	0	0	4	2	3	0	2	0	0	0	0	0	0	0	0	3	0	4	0	0	0	3	0	3	0	0	0	0	2	3	0	0	0	0	0	0	4	0	0	0	0	0	0	0	0	0	2	0	0	0	0	0	0	0	0	3	0	0	0	0	0
2020.28028557088	0	0	0	0	0	0	0	0	0	0	0	0	3	0	3	0	2	3	3	3	0	3	3	0	0	0	0	0	3	0	0	0	0	0	0	0	0	0	0	0	0	3	2	3	0	2	0	0	0	0	0	0	0	0	3	0	4	0	0	0	3	0	0	0	0	0	0	2	3	0	0	0	0	0	0	0	0	0	0	0	0	0	0	0	0	0	0	0	0	0	3	0	0	0	3	0	0	0	0	0
2020.3234148241	0	0	0	0	0	0	0	0	0	0	0	0	3	0	3	0	2	3	3	3	0	3	3	0	0	0	0	0	3	0	0	0	0	0	0	0	0	0	0	0	0	3	2	3	0	2	0	0	0	0	0	0	0	0	3	0	3	0	0	0	3	0	0	3	0	0	0	2	3	0	0	0	0	0	0	0	0	0	0	0	0	0	0	0	0	0	0	0	0	0	3	0	0	0	3	0	0	0	0	0
2020.36654407732	0	0	0	0	0	0	0	0	0	0	0	0	3	0	3	0	2	3	3	3	0	3	3	0	0	0	0	0	3	0	0	0	0	3	0	0	0	0	0	0	0	3	2	3	0	2	0	0	0	0	0	0	0	0	3	0	3	0	0	0	3	0	0	3	0	0	0	2	3	0	0	0	0	0	0	0	0	0	0	0	0	0	0	0	0	0	0	0	0	0	3	0	0	0	3	0	0	0	0	0
2020.40967333054	0	0	0	0	0	0	0	0	0	0	0	0	3	0	3	0	2	3	3	3	0	3	3	0	0	0	0	0	3	0	0	0	0	3	0	0	0	0	0	0	0	3	2	3	0	2	0	0	0	0	0	0	0	0	3	0	3	0	0	0	3	0	0	3	0	0	0	0	3	0	0	0	0	0	0	0	0	0	0	0	0	0	0	0	0	0	0	0	0	0	3	0	0	3	3	0	0	0	0	0
2020.45280258376	0	0	0	0	0	0	0	0	0	0	0	0	3	0	0	0	0	3	3	3	0	3	3	0	0	0	0	0	3	0	0	0	0	3	0	0	0	0	0	0	0	3	0	3	0	2	0	0	0	0	0	0	0	0	3	0	3	0	0	0	0	0	0	3	0	0	0	0	3	0	0	0	0	0	0	0	0	0	0	0	0	0	0	0	0	0	3	0	0	0	3	0	0	3	3	0	0	0	0	0
2020.49593183698	0	0	0	0	0	0	0	0	0	0	0	0	3	0	0	0	0	3	3	3	0	0	3	0	0	0	0	0	3	0	0	0	0	3	0	0	0	0	0	0	0	3	0	3	0	2	0	0	0	0	0	0	0	0	3	0	3	0	0	0	0	0	0	3	0	0	0	0	0	0	0	0	0	0	0	0	0	0	0	0	0	0	0	0	0	0	3	0	0	0	3	0	0	3	3	0	0	0	0	0
2020.53906109019	0	0	0	0	0	0	0	3	0	0	0	0	0	0	0	0	0	3	3	3	0	0	3	0	0	0	0	0	3	0	0	0	0	3	0	0	0	0	0	0	0	3	0	3	0	2	0	0	0	0	0	0	0	0	3	0	3	0	0	0	0	0	0	3	0	0	0	0	0	0	0	0	0	0	0	0	0	0	0	0	0	0	0	0	0	0	5	0	0	0	3	0	0	3	3	0	0	0	0	0
2020.58219034341	0	0	0	0	0	0	0	3	0	0	0	0	0	0	0	0	0	3	3	3	0	0	3	0	3	0	0	0	3	0	0	0	0	3	0	0	0	0	0	0	0	0	0	0	0	2	0	0	0	0	0	0	0	0	3	0	3	0	0	0	0	0	0	3	0	0	0	0	0	0	0	0	0	0	0	0	0	0	0	0	0	0	0	0	0	0	5	0	0	0	3	0	0	3	3	0	3	0	0	0
2020.62531959663	0	0	0	0	0	0	0	3	0	0	0	0	0	0	0	0	0	0	3	3	0	0	3	0	3	0	0	0	3	0	0	0	0	3	0	0	0	0	0	0	0	0	0	0	0	2	0	0	0	0	0	0	0	0	3	0	3	0	0	0	0	0	0	3	0	0	0	0	0	0	0	0	0	0	0	0	0	0	0	0	0	0	0	0	0	0	5	0	0	0	3	0	0	3	3	0	3	0	0	0
2020.66844884985	0	0	0	0	0	0	0	3	0	0	0	0	0	0	0	0	0	0	3	0	0	0	3	0	3	0	0	0	3	0	0	0	0	3	0	0	0	0	0	0	0	0	0	0	0	2	0	0	0	0	0	0	0	0	3	0	3	0	0	0	0	0	0	3	0	0	0	0	0	0	0	0	0	0	0	0	0	0	0	0	0	0	0	0	0	0	5	0	0	0	3	0	0	3	3	0	3	0	0	0
2020.71157810307	0	0	0	0	0	0	0	3	0	0	0	0	0	0	0	0	0	0	0	0	0	0	3	0	3	0	0	0	3	0	0	0	0	3	0	0	0	0	0	0	0	0	0	0	0	2	0	0	0	0	0	0	0	0	3	0	3	0	0	0	0	0	0	3	0	0	0	0	0	0	0	0	0	0	0	0	0	0	0	0	0	0	0	0	0	0	5	0	0	0	3	0	0	3	3	0	3	0	0	0
2020.75470735628	0	0	0	0	0	0	0	3	0	0	0	0	0	0	0	0	0	0	0	0	0	0	0	0	3	0	0	0	3	0	0	0	0	3	0	0	0	0	3	0	0	0	0	0	0	2	0	0	0	0	0	0	0	0	3	0	3	0	0	0	0	0	0	3	0	0	0	0	0	0	0	0	0	0	0	0	0	0	0	0	0	0	0	0	0	0	5	0	0	0	3	0	0	3	3	0	3	0	0	0
2020.7978366095	0	0	0	0	0	0	0	5	0	0	0	0	0	0	0	3	0	0	0	0	0	0	0	0	3	0	0	0	3	0	0	0	0	3	0	0	0	0	3	0	0	0	0	0	0	2	0	0	0	0	0	3	0	0	3	0	3	0	0	0	0	0	0	3	0	0	0	0	0	0	0	0	0	0	0	0	0	0	0	0	0	0	0	0	0	0	5	0	0	0	3	0	0	3	3	0	3	0	0	0
2020.84096586272	0	0	0	0	0	0	0	5	0	0	0	0	0	0	0	3	0	0	0	0	0	0	0	0	3	0	0	0	3	0	0	0	0	3	0	0	0	0	3	0	0	0	0	0	0	0	0	0	0	0	0	3	0	0	3	0	3	0	0	0	0	0	0	3	0	0	0	0	0	0	0	0	0	0	0	0	0	0	0	0	0	0	0	0	0	0	5	0	0	0	3	0	0	5	3	0	3	0	0	0
2020.88409511594	0	0	0	0	0	0	0	5	0	0	0	0	0	0	0	3	0	0	0	0	0	0	0	3	3	0	0	0	3	0	0	0	0	3	0	0	0	0	3	0	0	0	0	0	0	0	0	0	0	0	0	3	0	0	3	0	3	0	0	0	0	0	0	3	0	0	0	0	0	0	0	0	0	0	0	0	0	0	0	0	0	0	0	0	0	0	5	0	0	0	3	0	0	5	3	0	3	0	0	0
2020.92722436916	0	0	0	0	0	0	3	5	0	0	0	0	0	0	0	3	0	0	0	0	0	0	0	3	3	0	0	0	3	0	0	0	0	3	0	0	0	0	3	0	0	0	0	0	0	0	0	0	0	0	0	3	0	0	3	0	3	0	0	0	0	0	0	3	0	0	0	0	0	0	0	0	0	0	0	0	0	0	0	0	0	0	0	0	0	0	5	0	0	0	5	0	0	5	3	0	3	0	0	0
2020.97035362238	0	0	0	0	0	0	3	5	0	0	0	0	0	0	0	3	0	0	0	0	0	0	0	3	3	0	0	0	3	0	0	0	0	3	0	0	0	0	3	0	0	0	0	3	0	0	0	0	0	0	0	3	0	0	3	0	3	0	0	0	3	0	0	3	0	0	0	0	0	0	0	0	0	3	0	3	0	0	0	0	0	0	0	0	0	0	5	0	0	0	5	0	0	5	3	0	3	0	0	0
2021.01348287559	0	0	0	0	0	0	3	5	0	0	0	0	0	0	0	3	0	0	0	0	0	0	0	3	3	0	0	0	3	0	0	0	0	3	0	0	0	0	3	0	0	0	0	3	0	0	0	0	0	0	0	3	0	0	3	0	3	0	0	0	3	0	0	3	0	0	0	0	0	0	0	0	0	3	0	3	0	0	0	0	0	0	0	0	0	0	5	0	0	0	5	0	0	5	3	0	3	0	3	0
2021.05661212881	0	0	0	0	0	0	3	5	0	0	0	0	0	0	0	3	0	0	0	0	0	0	0	3	3	0	0	0	3	0	0	0	0	3	0	0	0	0	3	3	0	0	0	3	0	0	0	0	0	0	0	3	0	0	3	0	3	0	0	0	3	0	0	3	0	0	0	0	0	0	3	0	0	3	0	3	0	0	0	0	0	0	0	0	0	0	5	0	0	0	5	0	0	5	3	0	3	0	3	0
2021.09974138203	0	0	0	0	0	0	3	5	0	0	0	0	0	0	0	3	0	0	0	0	0	0	0	3	3	0	0	0	3	0	0	0	0	3	0	0	0	0	3	3	0	0	0	3	0	0	0	0	0	0	0	3	0	0	3	0	3	0	0	0	3	0	0	3	0	0	0	0	0	0	3	0	0	3	0	3	0	0	0	0	0	0	0	0	0	0	5	0	0	0	5	0	0	5	3	0	3	0	3	0
2021.14287063525	0	0	0	0	0	0	3	5	0	0	0	0	0	0	0	3	0	0	0	0	0	0	0	3	3	0	0	0	3	0	0	0	0	3	0	0	0	0	3	3	0	0	0	3	0	0	0	0	0	0	0	3	0	0	3	0	3	0	3	0	3	0	0	3	0	0	0	0	0	0	3	0	0	3	0	3	0	0	0	0	0	0	0	0	0	0	5	0	0	0	5	0	0	5	3	0	3	0	3	0
2021.18599988847	0	0	0	0	0	0	3	5	0	0	0	0	0	0	0	3	3	0	0	0	0	0	3	3	3	0	0	0	3	0	0	0	0	3	0	0	0	0	3	5	0	0	0	3	0	0	0	0	0	0	0	3	0	0	0	0	3	0	3	0	3	0	0	3	0	0	0	0	0	0	3	0	0	3	0	3	0	0	0	0	0	0	0	0	0	0	5	0	0	0	5	0	0	5	3	0	3	3	3	0
2021.22912914168	0	0	0	0	0	0	3	5	0	0	0	0	0	0	0	3	3	0	0	0	0	0	3	3	3	0	0	0	0	3	0	0	0	3	0	0	0	0	3	5	0	0	0	3	0	0	0	0	0	0	0	3	0	0	0	0	0	0	3	0	3	0	0	3	0	0	0	0	0	3	3	0	0	3	0	3	0	0	0	0	0	0	0	0	0	0	5	0	0	0	5	0	0	5	0	0	3	3	3	0
2021.2722583949	0	0	0	0	0	3	3	5	0	0	0	0	0	0	0	3	3	0	0	0	0	0	3	3	3	0	0	0	0	3	0	0	0	3	0	0	0	0	3	5	0	0	0	3	0	0	0	0	0	0	0	3	0	0	0	0	0	0	3	0	3	0	0	3	0	0	0	0	0	3	3	0	0	3	0	3	0	0	0	0	0	0	0	0	0	0	5	0	0	0	3	0	0	5	0	0	3	5	3	0
2021.31538764812	0	0	0	0	0	3	3	5	0	0	0	0	0	0	0	3	3	0	0	0	0	0	3	3	3	0	0	0	0	3	0	0	0	3	0	0	0	0	3	5	0	0	0	3	0	0	0	0	0	0	0	3	0	0	0	0	0	0	3	0	3	0	0	0	0	0	0	0	0	3	3	0	0	3	0	3	0	0	0	0	3	0	0	0	0	0	5	0	0	0	3	0	0	5	0	0	3	5	3	0
2021.35851690134	0	0	0	0	0	3	3	5	0	0	0	0	0	0	0	3	3	0	0	0	0	0	3	3	3	0	0	0	0	3	3	0	0	0	0	0	0	0	3	5	0	0	0	3	0	0	0	0	0	0	0	3	0	0	0	0	0	0	3	0	3	0	0	0	0	0	0	0	0	3	3	0	0	3	0	3	0	0	0	0	3	0	0	0	0	0	5	0	0	0	3	0	0	5	0	0	3	5	3	0
2021.40164615456	0	0	0	0	0	3	3	5	0	0	0	0	0	0	0	3	3	0	0	0	0	0	3	3	3	0	0	0	0	3	3	0	0	0	0	0	0	0	3	5	0	0	0	3	0	0	0	0	0	0	0	3	0	0	0	0	0	0	3	0	3	0	0	0	0	0	0	0	0	3	3	0	0	3	0	3	0	0	0	0	3	0	0	0	0	0	5	0	0	0	3	0	0	3	0	0	3	5	3	0
2021.44477540777	0	0	0	0	0	3	3	5	0	0	0	0	0	0	0	3	3	0	0	0	0	0	3	6	3	0	0	0	0	5	3	0	0	0	0	0	0	0	3	5	0	0	0	3	0	0	0	0	0	0	0	3	0	0	0	0	0	0	3	0	3	0	0	0	0	0	0	0	0	3	3	0	0	3	0	3	0	0	0	0	3	0	0	0	0	0	3	0	0	0	3	0	0	3	0	0	3	5	3	0
2021.48790466099	0	0	0	0	0	3	3	5	0	0	0	0	0	0	0	3	3	0	0	0	0	0	3	6	3	0	0	0	0	5	3	0	0	0	0	0	0	0	3	5	0	0	0	3	0	0	0	0	0	0	0	3	0	0	0	0	0	0	3	0	3	0	0	0	0	0	0	0	0	3	3	0	0	3	0	3	0	0	0	0	3	0	0	0	0	0	3	0	0	0	3	0	0	3	0	0	3	5	3	0
2021.53103391421	0	0	0	0	0	3	3	3	0	0	0	0	0	0	0	3	3	0	0	0	3	0	3	6	3	0	0	0	0	5	3	0	0	0	0	0	0	0	3	5	0	0	0	3	3	0	0	0	0	0	0	3	0	0	0	0	0	0	3	0	3	0	0	0	0	0	0	0	0	3	3	0	0	3	0	3	0	0	0	0	3	0	0	0	0	0	0	0	0	3	3	0	0	3	0	0	3	5	3	0
2021.57416316743	0	0	0	0	0	3	3	3	0	0	0	0	0	0	0	3	3	0	0	0	3	0	3	6	0	0	0	0	0	5	3	0	0	0	0	0	0	0	3	5	0	0	0	3	3	0	0	0	0	0	0	3	0	0	0	0	0	0	3	0	3	0	0	0	0	0	0	0	0	3	3	0	0	3	0	3	0	0	0	0	3	0	0	0	0	0	0	0	0	3	3	0	0	3	0	0	0	5	3	0
2021.61729242065	0	0	0	0	0	3	3	3	0	0	0	0	0	0	0	3	3	0	0	0	3	0	3	6	0	0	0	0	0	5	3	0	0	0	0	0	0	0	3	5	0	0	0	3	3	0	0	0	0	0	0	3	0	0	0	0	0	0	3	0	3	0	0	0	0	0	0	0	0	3	3	0	0	3	0	3	0	0	0	0	3	0	0	0	0	0	0	0	0	3	3	0	3	3	0	0	0	5	3	0
2021.66042167387	0	0	0	0	0	3	3	3	0	0	0	0	0	0	0	3	3	0	0	0	3	0	3	6	0	0	0	0	0	5	3	0	0	0	3	0	0	0	3	5	0	0	0	3	3	0	0	0	0	0	0	3	0	0	0	0	0	0	3	0	3	0	0	0	0	0	0	0	0	3	3	0	0	3	0	3	0	0	0	0	3	0	0	0	0	0	0	0	3	3	3	0	5	3	0	0	0	5	3	0
2021.70355092708	0	0	0	6	0	5	3	3	0	0	0	0	0	0	0	3	3	0	0	0	3	0	3	6	0	0	0	0	0	5	3	0	0	0	3	0	3	0	3	5	0	0	3	3	3	0	0	0	3	0	0	3	0	0	0	0	0	0	5	0	3	0	0	0	0	0	0	0	0	3	3	0	0	3	0	3	0	0	0	0	3	3	0	0	0	0	0	0	3	3	3	0	5	3	0	0	0	5	3	0
2021.7466801803	0	0	0	6	0	5	3	3	0	0	0	0	0	0	0	3	5	0	0	0	3	0	3	6	0	0	0	3	0	5	5	0	0	0	5	0	3	0	0	5	0	0	3	3	3	0	0	0	3	0	0	3	0	0	0	0	0	0	5	0	3	3	3	0	0	0	3	0	0	3	3	0	0	3	0	3	0	0	0	0	3	3	0	0	0	0	0	0	3	3	3	0	5	3	0	0	0	5	3	0
2021.78980943352	0	0	0	6	0	5	6	0	0	0	0	0	0	0	0	3	5	0	0	0	3	0	3	6	0	0	0	3	0	7	5	0	0	3	5	0	3	0	0	5	0	0	3	3	3	0	0	0	3	0	0	3	0	0	0	0	0	0	5	0	3	3	3	3	0	0	3	0	0	3	3	0	0	3	0	3	0	0	0	0	3	3	0	0	0	0	0	0	3	3	3	0	5	3	0	0	0	5	3	0
2021.83293868674	0	3	0	6	0	5	6	0	0	0	0	0	0	0	0	3	5	0	3	0	3	0	3	6	0	0	0	3	0	7	5	0	3	3	5	0	3	0	0	5	0	0	3	3	3	3	0	0	3	3	0	0	0	0	0	0	0	0	5	0	3	3	3	3	0	0	3	0	0	3	3	0	0	3	0	6	0	0	0	0	3	3	0	0	0	0	0	0	5	6	3	0	5	0	0	0	0	5	3	0
2021.87606793996	0	5	0	6	0	5	6	0	0	0	0	0	0	0	3	6	5	0	3	0	3	0	5	6	0	3	0	3	0	7	5	0	3	3	7	0	3	0	0	5	0	0	3	3	3	3	0	3	3	3	0	0	0	0	0	0	0	0	5	0	3	3	3	3	0	0	3	0	0	3	3	0	0	5	0	6	0	0	0	0	3	3	0	0	0	0	0	0	7	8	3	0	5	0	0	0	0	5	3	0
2021.91919719317	0	5	0	6	0	5	3	0	0	0	0	0	3	0	3	8	5	0	3	0	3	0	5	6	0	3	0	3	0	7	5	0	3	3	7	0	3	0	0	5	0	0	3	3	3	5	0	3	5	3	0	0	0	0	0	0	0	0	5	0	3	3	3	3	0	0	3	0	0	3	3	0	0	5	0	6	0	0	0	0	3	5	0	0	0	0	0	0	7	8	0	0	7	0	0	3	0	5	3	0
2021.96232644639	0	5	0	6	0	5	3	0	0	3	0	0	3	0	3	8	5	0	3	0	3	3	5	8	0	3	3	3	0	7	5	0	3	3	7	0	3	3	0	5	0	0	3	0	3	5	0	3	5	3	0	0	0	0	3	0	0	0	5	0	3	3	3	3	0	0	3	0	0	3	3	0	0	3	0	3	0	0	0	0	3	5	0	0	0	0	0	0	7	10	0	0	7	0	0	5	0	5	3	0
2022.00545569961	0	5	0	6	0	5	5	3	3	3	0	0	5	0	3	8	5	0	3	0	3	3	5	8	0	3	3	3	0	7	5	0	3	3	7	0	5	3	0	5	0	0	3	0	3	7	3	3	5	6	3	0	0	0	3	0	0	0	7	3	0	3	3	3	0	0	3	0	0	3	3	0	0	3	0	3	0	0	0	0	3	7	0	0	0	0	0	0	7	10	0	0	7	0	0	7	0	5	0	0
2022.04858495283	3	5	0	6	0	8	5	5	3	3	0	0	5	0	3	8	5	0	3	0	3	3	7	8	0	3	3	3	0	7	7	0	3	3	7	3	5	3	0	3	0	0	3	0	3	7	3	3	5	6	3	0	0	0	3	0	0	0	7	3	0	3	3	3	0	0	3	0	0	3	0	0	0	3	0	3	0	3	0	0	3	7	0	0	0	0	0	3	7	10	0	5	7	0	0	7	0	5	3	0
2022.09171420605	3	5	0	6	0	8	5	5	3	3	0	0	5	0	3	8	5	0	3	0	3	3	7	8	3	3	5	6	0	7	7	0	5	3	7	3	7	5	0	3	0	0	3	0	3	7	8	3	5	6	5	0	0	0	3	0	0	0	7	3	3	3	3	6	0	3	3	0	0	3	0	0	0	3	0	3	0	5	0	0	3	7	0	0	0	0	0	3	7	10	0	5	7	0	0	7	0	5	3	0
2022.13484345927	6	5	3	10	0	10	5	7	3	3	3	0	5	0	3	8	5	0	3	3	3	3	7	12	3	3	5	8	0	7	7	0	5	3	7	9	7	7	0	3	3	0	3	3	3	7	8	5	5	6	5	3	0	0	3	3	0	0	5	6	3	3	3	10	3	3	3	0	0	3	0	0	3	3	6	5	0	5	0	0	3	7	0	3	0	3	0	3	7	10	3	5	7	0	0	7	0	5	5	3
2022.17797271248	8	5	7	10	0	10	5	7	3	3	3	0	5	3	3	8	3	0	6	3	3	8	6	12	3	5	5	8	5	7	7	0	5	3	7	9	7	7	0	0	5	0	3	3	3	7	8	5	5	6	7	3	3	3	5	3	0	0	5	6	3	3	6	10	3	3	3	0	0	3	0	3	3	5	10	5	0	5	5	0	3	7	0	6	0	6	0	3	7	10	3	5	7	0	0	7	0	3	5	3
2022.2211019657	10	5	9	10	0	12	5	7	3	8	3	5	5	3	6	8	5	0	6	3	3	10	9	12	3	5	5	10	9	7	9	3	7	3	7	11	7	7	0	0	5	0	3	3	3	9	8	10	5	6	7	8	11	3	7	3	3	0	5	6	6	6	6	10	7	5	6	0	3	3	3	6	5	8	10	7	3	5	5	0	3	12	0	10	0	6	0	3	9	10	3	5	7	0	0	9	3	5	5	3
2022.26423121892	10	8	9	10	6	10	10	10	3	13	6	8	5	7	10	10	5	0	6	8	8	12	14	12	3	9	10	10	11	8	11	3	7	3	7	13	12	14	0	3	5	0	3	7	9	11	8	12	5	10	9	10	19	10	7	6	8	3	5	8	9	6	11	12	12	5	8	7	5	3	5	9	5	8	14	7	5	7	5	3	5	12	3	10	3	10	0	3	12	10	3	8	9	3	0	9	5	5	8	3
2022.30736047214	10	11	13	14	11	10	14	15	8	13	9	8	5	9	16	13	5	0	10	13	10	17	16	20	10	11	14	14	14	10	18	12	11	6	10	13	12	14	8	3	5	5	5	7	17	13	14	16	10	14	9	12	21	16	9	16	10	10	7	11	15	6	13	14	14	11	8	14	10	6	9	13	9	15	14	7	10	12	8	7	8	14	5	14	5	14	3	10	14	16	6	12	9	3	8	12	5	8	8	10
2022.35048972536	15	13	15	16	19	20	16	17	10	17	13	14	12	16	16	19	8	12	14	19	13	19	16	20	12	16	14	16	20	17	19	14	16	14	14	17	14	18	10	13	12	17	12	10	17	17	16	20	12	20	20	19	23	20	13	16	10	17	9	17	17	14	16	16	18	17	15	18	12	12	14	17	13	21	18	15	17	14	16	9	16	18	18	18	13	16	15	17	14	22	10	16	15	8	13	16	14	12	15	18
2022.39361897857	19	19	18	20	21	20	18	21	14	21	17	18	16	21	22	21	10	17	14	21	19	21	18	22	20	20	16	18	24	21	19	14	18	17	16	19	19	22	15	15	25	19	16	14	19	17	20	20	22	22	20	21	29	22	19	16	12	19	20	23	19	14	18	20	22	19	17	18	24	14	19	17	18	23	18	21	19	16	20	11	16	22	18	20	13	20	17	19	16	22	12	20	17	15	15	18	20	14	20	20
2022.43674823179	23	25	22	22	21	24	22	27	18	25	23	22	18	21	24	21	20	19	26	27	23	23	20	28	20	22	20	20	32	28	29	16	24	19	16	23	23	24	25	15	27	25	22	23	29	23	20	24	24	26	24	25	35	28	25	20	22	25	24	29	21	16	22	20	24	23	23	20	24	16	21	21	24	29	20	29	21	22	26	16	22	24	26	24	15	26	23	21	18	22	20	24	21	19	23	24	24	20	24	24
2022.47987748501	25	33	29	38	27	28	31	33	24	29	27	31	26	35	34	25	22	25	34	31	33	29	28	39	37	28	31	34	38	36	33	22	34	25	30	33	37	30	33	21	35	31	24	29	37	32	29	36	40	30	30	35	45	34	31	28	30	33	38	35	29	33	32	24	32	32	25	26	32	24	31	39	28	39	32	33	25	28	34	22	28	30	32	34	25	38	35	25	26	32	32	30	31	30	31	30	28	30	32	34
2022.52300673823	33	39	43	54	45	47	43	51	42	41	43	39	40	39	46	39	37	41	40	43	42	33	40	49	47	40	43	48	46	46	45	38	44	39	42	41	43	44	43	40	41	43	32	50	46	46	43	44	44	40	50	51	53	44	40	44	43	47	46	41	42	43	48	34	40	46	39	38	44	41	37	45	36	49	46	45	43	42	46	32	44	42	44	44	33	46	40	41	42	42	44	46	43	38	47	38	41	45	42	40
2022.56613599145	49	53	57	58	57	59	53	57	52	47	51	51	50	55	54	49	47	59	53	61	63	49	50	57	55	58	53	58	58	56	49	57	52	51	52	55	51	56	47	52	57	57	54	58	50	52	57	54	52	52	56	61	61	60	52	52	59	57	54	59	54	55	54	50	50	60	55	50	50	49	63	57	48	61	56	51	49	54	54	50	54	52	50	56	49	54	58	53	56	50	54	60	53	52	59	50	53	59	54	48
2022.60926524466	65	71	75	76	69	75	67	66	72	69	73	67	67	65	64	72	65	79	71	73	77	67	74	63	67	70	67	75	74	68	65	69	68	63	66	69	65	72	59	74	69	73	70	68	74	60	73	74	66	78	70	69	71	69	76	67	69	69	74	73	64	69	72	72	64	76	71	64	66	65	75	73	70	73	74	72	67	70	66	60	74	72	66	74	65	72	72	77	74	75	68	76	73	78	73	72	67	83	78	77
2022.65239449788	93	91	89	104	89	93	83	96	96	85	93	85	99	93	87	96	89	95	95	89	93	85	92	94	83	90	87	101	88	96	81	89	94	77	87	85	97	90	93	94	95	87	88	90	90	82	95	94	92	96	100	93	97	95	91	89	91	89	92	103	90	97	96	92	89	90	85	82	91	91	89	89	88	95	94	84	97	90	98	88	86	92	94	96	85	84	96	93	88	91	87	92	96	96	91	86	92	103	90	91
2022.6955237511	115	109	111	116	113	112	111	110	114	111	113	111	111	115	116	110	113	113	113	113	116	113	110	112	113	116	113	115	112	114	113	109	114	115	113	113	113	118	115	114	113	111	113	114	114	110	117	118	110	114	114	115	115	113	113	113	111	111	107	115	110	115	110	108	111	112	113	106	116	111	111	107	116	113	114	106	115	110	116	114	114	115	108	116	113	114	114	115	109	115	110	114	112	116	113	112	114	113	114	115
2022.73865300432	119	121	123	124	117	120	123	118	120	119	119	121	119	121	122	122	122	123	123	123	122	121	120	120	123	122	125	122	119	122	122	125	124	121	122	121	120	124	119	122	121	123	119	120	120	120	125	120	123	122	120	121	125	123	121	123	119	123	120	123	120	122	119	121	129	126	120	120	122	123	123	123	124	121	122	120	121	122	124	124	123	123	126	122	121	124	120	121	121	125	118	122	122	122	119	124	122	122	120	123
2022.78178225754	121	125	131	124	123	124	124	124	126	123	123	127	127	127	126	124	124	125	129	127	124	127	124	124	127	128	127	126	125	125	124	127	128	124	122	123	124	128	127	124	125	125	129	124	128	126	125	126	125	126	130	127	125	125	125	125	125	127	124	127	126	124	123	126	131	128	126	126	128	127	125	129	126	127	126	124	129	126	128	128	129	129	130	128	125	126	122	123	125	127	124	128	122	126	125	128	126	126	124	127
2022.82491151076	125	130	131	128	127	126	124	126	130	127	125	129	127	129	126	125	126	127	128	129	128	129	128	124	129	132	129	128	125	127	126	127	129	126	126	129	128	130	127	126	127	127	131	128	130	125	127	128	131	125	132	127	127	127	129	125	129	127	124	129	128	128	125	128	131	130	128	132	128	129	127	131	128	127	130	127	131	128	128	128	129	129	130	130	129	130	126	125	128	127	124	128	126	128	129	130	128	128	126	129
2022.86804076397	131	131	131	130	129	128	128	128	130	129	127	129	129	129	129	128	128	131	128	129	128	129	128	128	131	131	131	128	129	127	128	129	129	126	129	129	130	130	129	128	131	129	135	128	132	129	129	129	131	129	132	129	129	129	131	129	129	129	128	131	128	128	125	132	131	130	128	132	128	133	131	131	132	129	130	129	131	130	130	130	129	129	130	130	129	132	128	129	128	127	128	130	130	128	129	132	130	132	128	129
2022.91117001719	131	131	131	130	129	128	128	128	130	129	127	129	130	129	131	127	130	131	128	129	130	129	127	127	131	131	135	128	129	127	128	129	129	126	133	129	130	130	129	128	131	129	135	128	132	128	129	129	130	129	134	131	131	129	133	129	129	129	128	133	130	128	127	132	131	130	128	132	130	135	131	133	132	128	130	131	133	130	130	130	131	130	130	130	129	132	128	129	129	129	130	130	131	128	135	131	130	132	128	129
2022.95429927041	131	131	131	130	129	128	128	128	130	129	129	129	130	129	131	129	130	131	130	129	132	128	127	126	131	133	135	130	129	127	128	129	131	128	133	129	134	129	129	128	131	129	135	128	132	128	129	129	134	129	134	131	131	129	132	129	129	129	128	133	130	128	127	132	135	132	128	132	130	135	133	135	132	128	130	131	135	134	130	130	133	130	132	130	135	134	128	133	131	130	130	130	131	130	135	130	130	132	132	129
2022.99742852363	131	131	131	130	129	128	129	127	129	128	129	129	129	129	131	129	130	131	130	129	132	128	127	126	131	133	134	130	131	131	130	129	131	128	133	131	133	131	129	128	131	129	135	128	132	127	129	129	134	128	134	133	131	129	132	129	129	133	131	134	130	128	131	132	139	132	128	132	130	135	133	137	132	132	130	133	135	134	132	130	133	129	132	130	135	134	128	133	133	134	130	130	133	132	135	129	132	132	132	129
2023.04055777685	134	131	131	130	129	127	129	126	129	128	129	129	131	133	131	129	130	131	130	129	132	132	126	126	135	133	136	130	133	131	129	129	133	128	133	132	133	131	129	130	131	129	135	130	132	127	134	129	134	128	135	133	131	129	132	129	129	135	131	134	130	130	133	132	139	136	128	134	130	135	135	139	132	132	134	133	135	133	136	132	133	129	132	130	135	134	128	132	135	134	130	129	133	134	135	131	132	134	131	131
2023.08368703006	134	131	133	130	129	129	131	128	131	128	129	129	131	133	131	131	132	131	130	131	134	136	130	126	136	133	135	129	133	131	131	129	133	132	135	134	132	130	129	132	133	129	135	130	132	127	132	129	134	130	137	133	131	131	134	129	129	135	133	134	129	130	133	131	139	135	128	136	130	135	135	141	132	134	134	133	135	132	136	132	135	129	134	130	135	134	128	134	137	134	132	128	133	134	135	133	132	134	133	133
2023.12681628328	135	133	132	130	135	130	133	127	131	128	128	129	131	135	133	131	132	131	134	132	134	136	130	126	138	133	135	133	133	133	131	137	134	138	137	134	132	131	131	132	138	129	135	129	132	127	132	128	134	132	136	134	133	133	138	129	129	135	133	133	129	130	137	129	138	135	128	136	130	137	137	143	133	134	132	132	135	134	136	136	137	133	136	134	135	133	132	134	137	134	131	130	133	134	135	135	132	136	135	134
2023.1699455365	134	133	130	134	139	132	135	127	131	128	128	129	133	134	135	131	132	131	134	132	134	137	134	126	138	137	135	134	131	133	133	139	134	138	139	136	134	131	133	132	137	131	135	133	134	131	132	130	134	138	135	136	134	133	139	130	129	137	133	133	133	132	136	131	138	135	132	136	136	139	137	143	133	135	132	132	137	136	136	136	139	135	138	132	135	132	134	134	137	136	131	130	135	136	137	137	134	136	134	134
2023.21307478972	133	133	131	140	145	138	139	131	131	130	132	129	133	134	136	133	135	135	133	132	136	139	135	128	140	136	135	135	135	137	134	138	135	140	145	137	136	137	137	132	137	135	137	137	138	132	136	130	138	138	137	137	133	132	138	136	130	137	137	133	132	136	136	133	136	136	133	140	139	139	138	141	133	135	132	135	136	138	142	136	139	134	138	133	137	132	138	134	140	138	133	130	139	136	139	138	135	138	134	136
2023.25620404294	133	134	135	142	147	143	137	136	131	135	135	129	133	134	136	132	141	135	137	134	134	138	141	134	144	136	133	137	138	138	133	138	139	140	145	136	135	135	137	136	139	135	137	137	142	133	136	129	138	138	136	137	131	136	138	135	135	138	141	135	136	137	136	132	138	142	137	139	141	140	141	140	136	136	134	139	137	141	144	135	138	133	143	132	141	132	144	138	141	140	139	131	144	137	139	138	137	137	135	138
2023.29933329616	137	139	139	145	148	147	141	135	133	140	142	134	135	142	136	141	145	141	143	136	137	136	142	140	145	141	138	141	145	139	137	136	147	144	146	136	142	142	145	137	145	137	142	143	146	134	139	136	140	142	146	138	141	133	141	134	135	138	142	140	140	143	137	135	149	145	138	138	142	141	143	145	137	137	136	143	140	141	143	137	138	140	147	132	143	131	150	140	142	141	141	147	146	141	144	139	140	143	139	137
2023.34246254937	141	150	146	147	147	144	148	141	138	142	146	142	138	144	147	147	146	138	143	149	142	141	146	140	142	141	143	146	149	136	143	145	149	142	152	138	143	146	141	137	149	134	141	148	144	138	144	141	145	139	146	141	139	142	143	142	147	136	141	145	141	139	140	138	167	148	144	138	143	144	143	146	138	138	142	151	144	148	141	144	147	144	151	144	146	129	155	142	146	146	148	152	145	141	150	137	142	147	142	146
2023.38559180259	151	169	162	174	170	166	169	152	160	161	160	169	158	160	168	167	163	165	165	160	163	164	165	171	158	165	158	171	165	166	163	159	170	156	167	154	168	159	158	154	168	153	167	171	168	162	167	167	158	158	167	175	158	165	149	152	164	155	180	160	155	159	168	156	182	165	167	162	164	159	166	166	168	166	164	178	157	161	156	165	162	152	160	167	156	157	167	163	159	184	171	161	172	156	173	160	163	166	160	164
2023.42872105581	235	244	233	240	244	253	253	250	249	243	230	242	257	252	241	245	240	249	252	241	245	250	232	265	234	244	251	243	247	250	232	244	249	242	243	245	241	245	236	250	245	251	253	257	230	239	252	262	241	240	249	259	238	246	253	238	226	230	251	241	242	245	237	234	256	232	242	225	251	240	252	250	229	240	254	257	246	240	243	250	255	238	235	241	237	238	260	239	247	250	233	250	249	251	260	239	243	255	262	233
2023.47185030903	456	452	461	433	450	455	445	441	445	458	451	446	460	470	448	443	443	444	449	459	469	435	463	466	435	446	465	458	456	469	442	456	445	436	437	449	455	452	434	454	483	460	453	445	445	427	475	467	439	440	445	449	440	442	448	428	448	441	472	455	423	443	445	454	455	442	458	442	453	452	461	454	436	458	427	471	463	444	436	442	476	450	461	446	461	452	454	454	446	453	444	445	466	448	451	436	446	469	444	451
2023.51497956225	645	659	656	650	649	657	655	647	652	667	646	652	664	663	644	657	658	660	646	656	652	664	651	662	651	646	653	655	651	667	645	659	666	647	645	652	647	650	651	646	667	658	655	647	660	641	662	663	645	662	657	656	651	655	659	641	646	655	666	656	643	653	639	653	660	644	666	648	648	655	670	656	647	653	658	651	651	660	634	645	660	672	663	654	656	646	655	665	648	658	657	662	650	655	659	670	657	665	659	650
2023.55810881546	720	706	716	722	709	724	724	709	713	725	705	723	710	725	719	720	723	710	721	719	724	731	714	715	712	709	718	715	703	722	724	712	726	709	718	714	715	723	711	732	719	720	718	708	719	697	725	725	713	720	714	719	711	726	710	702	717	716	722	712	711	720	718	720	721	710	725	718	722	717	721	717	707	715	714	719	718	713	710	709	727	723	723	714	710	706	726	726	711	730	727	728	724	718	725	731	716	737	715	720
2023.60123806868	773	769	763	771	774	775	774	774	772	774	763	778	783	781	782	780	770	762	766	770	767	771	770	781	773	772	767	777	773	784	769	765	777	771	768	773	782	775	773	768	783	773	773	771	763	779	776	776	775	776	776	778	775	769	775	771	770	772	784	774	778	778	781	771	774	773	775	779	776	774	776	776	773	769	779	777	774	771	777	775	772	778	775	778	773	776	769	773	769	775	771	773	772	765	773	767	775	787	767	773
2023.6443673219	780	774	788	776	781	784	780	781	772	786	776	785	774	774	789	792	778	775	776	784	776	782	779	783	779	784	785	778	784	780	772	780	780	783	780	781	784	787	775	776	779	780	783	784	768	777	783	781	776	773	773	780	776	777	780	783	781	782	793	776	781	762	777	785	781	774	786	783	782	777	789	789	775	780	780	782	787	770	774	777	783	788	784	780	787	775	774	784	776	780	790	783	777	780	786	777	774	801	779	773
2023.68749657512	795	798	800	794	799	786	788	784	790	799	788	782	787	782	797	801	792	786	786	791	783	787	785	796	791	789	800	795	791	793	784	795	792	792	793	791	800	801	799	781	802	796	782	787	792	794	797	794	789	795	794	789	795	797	793	789	796	790	805	798	799	789	790	802	794	783	799	802	792	788	796	787	789	794	790	808	801	784	780	785	794	792	789	780	795	791	800	799	783	796	811	795	789	796	790	800	783	814	792	787
2023.73062582834	835	837	829	824	838	836	842	821	833	829	823	819	817	820	827	834	826	823	825	833	835	831	826	830	823	818	837	840	840	833	810	826	819	825	826	836	834	826	828	830	837	832	813	825	834	824	833	831	826	835	839	824	827	829	815	824	816	825	842	835	828	821	826	832	822	813	833	818	828	830	833	822	817	832	835	834	841	817	819	825	839	818	837	828	819	827	834	838	813	824	843	838	827	813	833	836	835	848	834	824
2023.77375508156	906	908	906	908	905	904	904	898	904	903	911	895	899	901	907	906	906	903	902	903	902	897	908	904	902	894	905	905	904	905	902	909	903	903	903	905	904	904	900	904	906	905	898	898	901	898	904	902	902	900	906	903	904	904	906	907	912	899	910	897	901	906	902	899	902	899	900	896	904	901	902	902	902	901	906	904	907	900	898	899	903	902	903	905	905	901	905	913	900	903	903	899	903	901	909	903	903	905	904	902
2023.81688433477	917	913	913	914	916	915	916	914	915	916	916	915	915	914	915	916	915	915	914	913	914	913	915	916	915	914	914	915	916	914	915	915	915	915	916	914	914	915	915	915	915	916	913	913	912	916	915	915	911	914	914	915	915	915	914	914	916	915	916	914	915	915	915	914	913	915	915	913	914	912	915	913	915	915	914	915	913	915	915	915	914	914	914	914	914	915	915	916	914	915	916	915	913	914	914	914	915	914	916	915
2023.86001358799	909	908	909	909	910	910	910	910	910	910	911	910	910	910	909	909	910	909	910	910	910	910	910	910	909	909	909	910	910	910	910	910	910	911	910	910	909	910	910	910	910	910	907	910	909	910	910	910	909	910	909	910	910	910	909	910	910	910	910	910	910	910	911	908	909	910	910	909	910	909	909	909	909	910	910	909	909	910	910	910	910	910	910	910	910	909	910	910	910	910	910	910	909	910	910	909	909	908	910	910
2023.90314284121	909	908	909	909	910	910	910	910	910	910	911	910	909	910	909	909	909	909	910	910	909	910	910	910	909	909	907	910	910	910	910	910	910	911	907	910	909	910	910	910	909	910	907	910	908	910	910	910	909	910	908	909	910	910	908	910	910	910	910	908	909	910	910	908	909	910	910	909	909	907	909	908	909	910	910	908	908	910	910	910	909	909	910	910	910	909	910	910	909	909	909	910	908	910	907	909	909	908	910	910
2023.94627209443	909	908	909	909	910	910	910	910	910	910	910	910	909	910	908	908	909	909	909	910	908	910	910	910	909	908	907	909	910	910	910	910	910	910	907	910	907	910	910	910	909	910	907	910	908	910	910	910	907	910	908	909	909	910	908	910	910	910	910	908	909	910	910	908	907	910	910	909	909	907	908	907	909	910	910	908	908	909	910	910	908	909	910	910	908	908	910	908	908	908	909	910	908	909	907	909	909	908	909	910
2023.98940134765	909	908	909	909	910	910	909	910	910	910	910	910	909	910	908	908	909	909	909	910	908	910	910	910	909	908	907	909	909	908	909	910	909	910	907	910	907	909	910	910	909	910	907	910	908	910	910	910	907	910	908	908	909	910	908	910	910	908	908	907	909	910	910	908	905	909	910	909	909	907	908	906	909	908	910	907	907	908	909	910	908	909	909	910	907	908	910	908	908	906	909	910	908	909	907	909	908	908	908	910
2024.03253060086	907	908	909	909	910	910	909	910	910	910	910	910	908	908	908	908	909	909	909	910	908	909	910	910	907	908	906	909	908	908	909	910	908	910	907	908	907	909	910	909	909	910	907	909	908	910	907	910	907	910	907	908	909	910	908	910	910	907	908	907	909	909	907	908	905	907	910	909	909	907	907	905	909	908	909	907	907	908	908	910	908	909	909	910	907	908	910	908	907	906	909	910	907	907	907	909	908	907	908	910
2024.07565985408	907	908	909	909	910	909	909	909	910	910	910	910	908	908	908	907	909	909	909	910	907	907	908	910	906	908	906	909	908	908	908	910	908	908	907	907	907	909	910	909	908	910	907	909	908	910	907	910	907	909	906	908	909	909	908	910	910	907	907	907	909	909	907	908	905	907	910	907	909	907	907	904	909	907	908	907	907	908	907	909	907	909	908	910	907	908	910	907	905	906	908	910	907	907	907	907	908	907	907	908
2024.1187891073	906	907	908	908	909	908	907	909	909	910	910	910	908	907	907	907	908	909	909	909	907	906	908	909	905	908	906	907	908	907	908	906	907	906	905	907	907	908	909	908	905	910	907	909	908	910	907	910	907	908	906	907	909	909	906	910	910	907	907	907	909	909	905	908	905	907	910	907	909	907	906	903	908	907	908	907	907	907	907	907	906	907	907	908	907	908	909	907	905	906	908	910	907	907	907	906	908	906	906	907
2024.16191836052	906	907	908	906	905	908	906	909	909	910	910	910	907	907	907	907	908	909	907	908	907	905	906	909	905	906	906	907	908	907	908	905	907	905	904	905	907	908	909	908	905	909	907	907	907	908	907	910	907	905	906	906	907	908	904	909	910	906	907	907	908	909	905	907	905	907	909	907	906	905	906	903	908	906	908	907	906	906	906	907	905	906	907	908	907	908	907	907	905	905	908	909	907	906	906	906	908	906	906	907
2024.20504761374	906	907	907	904	902	905	904	908	909	908	910	909	907	907	905	906	906	907	907	908	906	903	905	909	904	906	906	905	906	906	907	905	906	904	901	905	905	905	906	908	905	907	906	905	906	907	905	909	905	905	905	905	906	908	904	906	909	906	905	907	907	906	905	906	905	906	907	907	904	905	905	903	908	906	907	905	906	905	903	907	905	906	906	907	906	908	905	907	904	904	908	909	904	906	905	904	906	905	906	907
2024.24817686695	906	906	905	903	900	901	904	904	909	905	906	909	907	906	905	906	904	907	905	907	906	903	903	906	902	905	906	904	904	904	906	905	904	904	901	904	905	905	906	906	904	907	906	904	903	906	905	908	905	905	905	904	905	905	904	906	907	905	903	907	905	905	904	906	904	904	905	904	903	904	904	903	906	905	905	904	905	904	902	907	905	906	904	907	906	907	902	905	902	903	905	908	902	905	905	904	905	905	905	905
2024.29130612017	905	905	903	900	900	900	901	904	907	902	904	906	906	903	903	901	902	906	902	904	904	903	900	901	901	902	903	902	900	904	903	904	901	902	900	904	903	903	904	906	901	905	904	901	899	905	902	905	904	902	901	903	902	905	902	905	906	904	903	903	901	902	903	904	899	901	904	904	901	903	902	901	905	903	904	901	903	903	902	905	904	902	901	907	902	907	900	903	901	902	903	902	900	904	902	903	903	902	904	905
2024.33443537339	900	897	898	897	896	898	896	900	904	900	898	901	904	898	897	899	899	902	900	896	901	900	897	899	900	901	900	898	896	902	901	899	896	901	897	902	899	898	901	902	898	903	901	900	898	902	898	901	901	900	898	899	899	901	899	900	900	903	901	899	900	902	901	902	890	897	902	901	899	900	899	897	902	900	900	897	901	900	901	901	899	900	896	900	899	906	897	900	899	897	899	895	899	901	896	902	899	897	900	899
