time	diffusion_coefficient	number_of_branches
2016.75794025546	194.229229107837	0.1
2016.79602576797	207.268026790569	0.1
2016.83411128047	220.32120155424	0.1
2016.87219679297	233.38818778242	0.12
2016.91028230548	198.79061101349	0.14
2016.94836781798	213.25060842651	0.14
2016.98645333049	143.694308143036	0.22
2017.02453884299	158.018826433317	0.24
2017.06262435549	165.325870717702	0.3
2017.100709868	174.715629066375	0.34
2017.1387953805	199.677845004967	0.36
2017.17688089301	240.936035128192	0.36
2017.21496640551	283.28196321668	0.36
2017.25305191801	205.54324432214	0.35
2017.29113743052	226.791380850811	0.39
2017.32922294302	253.759334602543	0.41
2017.36730845553	278.660025720312	0.43
2017.40539396803	301.314243993116	0.44
2017.44347948053	321.886729827995	0.46
2017.48156499304	351.708613037192	0.53
2017.51965050554	401.01009495276	0.53
2017.55773601805	430.474055653892	0.55
2017.59582153055	481.007984667743	0.55
2017.63390704305	532.683125314455	0.57
2017.67199255556	557.975619558348	0.59
2017.71007806806	582.321834717017	0.62
2017.74816358056	611.328294880985	0.67
2017.78624909307	669.30224068906	0.67
2017.82433460557	651.041426588213	0.73
2017.86242011808	663.473553849804	0.77
2017.90050563058	677.4208105442	0.72
2017.93859114308	709.547253304798	0.76
2017.97667665559	770.326333001017	0.73
2018.01476216809	737.51053034959	0.72
2018.0528476806	455.029821758751	0.72
2018.0909331931	555.344059659574	0.71
2018.1290187056	546.854970979995	0.77
2018.16710421811	560.075949752185	0.83
2018.20518973061	610.286490024804	0.85
2018.24327524312	642.935056228006	0.91
2018.28136075562	658.981271272151	0.95
2018.31944626812	560.206419088234	0.94
2018.35753178063	643.256606208492	0.99
2018.39561729313	670.686308674012	1.03
2018.43370280564	796.93656938361	1.03
2018.47178831814	778.36861665359	1.02
2018.50987383064	688.193884712115	1
2018.54795934315	728.028686571597	1.13
2018.58604485565	767.131106550191	1.19
2018.62413036816	716.990216774931	1.24
2018.66221588066	801.785004003422	1.26
2018.70030139316	868.551129203776	1.3
2018.73838690567	1893.80736603415	1.26
2018.77647241817	3295.8154076857	1.26
2018.81455793068	4391.31276954858	1.33
2018.85264344318	5818.14885523112	1.28
2018.89072895568	6718.40731156269	1.38
2018.92881446819	7595.58722059787	1.37
2018.96689998069	5993.651620672	1.44
2019.0049854932	4928.39898550664	1.49
2019.0430710057	4435.40924159054	1.45
2019.0811565182	4125.70106216679	1.47
2019.11924203071	4038.32057810828	1.47
2019.15732754321	4069.89277378992	1.39
2019.19541305571	4010.09897655615	1.37
2019.23349856822	3778.01542144196	1.41
2019.27158408072	3729.75046076239	1.37
2019.30966959323	3679.26382409347	1.36
2019.34775510573	3906.38320371241	1.27
2019.38584061823	3997.35230924178	1.29
2019.42392613074	4191.63067351134	1.28
2019.46201164324	4193.61089726912	1.37
2019.50009715575	4586.20367493424	1.37
2019.53818266825	4831.83431178077	1.32
2019.57626818075	5259.5256621613	1.2
2019.61435369326	5628.06671181866	1.17
2019.65243920576	5728.00030797539	1.21
2019.69052471827	6144.49006564354	1.2
2019.72861023077	6879.81750139413	1.17
2019.76669574327	6354.85002213693	1.21
2019.80478125578	6153.79687575721	1.18
2019.84286676828	6752.43957267152	1.2
2019.88095228079	6140.45701330132	1.25
2019.91903779329	6101.32090203336	1.26
2019.95712330579	7051.85465251146	1.22
2019.9952088183	6148.13476603222	1.12
2020.0332943308	6437.39868180599	1.1
2020.07137984331	6843.91885418483	1.08
2020.10946535581	8352.73428572668	1
2020.14755086831	7793.71685012096	1.06
2020.18563638082	7647.74006784432	1.03
2020.22372189332	7334.64604075461	1.03
2020.26180740583	7220.44082037265	1.03
2020.29989291833	7484.22572683335	1
2020.33797843083	7431.74657657455	0.97
2020.37606394334	7141.22457528026	0.97
2020.41414945584	7001.18923870718	0.92
2020.45223496835	6996.91653135802	0.87
2020.49032048085	6749.98878735639	0.88
2020.52840599335	6915.01242291191	0.85
2020.56649150586	7586.57474910775	0.86
2020.60457701836	8931.7544090019	0.87
2020.64266253086	8061.75275253971	0.81
2020.68074804337	8443.8047732575	0.75
2020.71883355587	9071.47920239079	0.72
2020.75691906838	9642.05571281977	0.73
2020.79500458088	10140.8679727519	0.73
2020.83309009338	13129.7128018307	0.73
2020.87117560589	12493.2711230135	0.61
2020.90926111839	12174.7416594254	0.58
2020.9473466309	12545.7732202786	0.59
2020.9854321434	14723.1630779663	0.57
2021.0235176559	15295.6148550865	0.6
2021.06160316841	15407.2903716989	0.62
2021.09968868091	15634.0273876477	0.62
2021.13777419342	16500.7685304748	0.65
2021.17585970592	17799.8396928702	0.68
2021.21394521842	17099.4173567945	0.66
2021.25203073093	15730.1426551757	0.72
2021.29011624343	15972.7465754143	0.72
2021.32820175594	15464.7423141525	0.78
2021.36628726844	15573.0076155992	0.77
2021.40437278094	16080.9111199647	0.77
2021.44245829345	15474.6350651956	0.77
2021.48054380595	15787.1575733719	0.79
2021.51862931846	14105.222523313	0.85
2021.55671483096	17314.655512073	0.89
2021.59480034346	17814.6975605975	0.91
2021.63288585597	16687.5479313767	1.05
2021.67097136847	18112.7305267937	1.13
2021.70905688098	25434.6345788997	1.24
2021.74714239348	26188.7976186406	1.25
2021.78522790598	25702.3680989932	1.33
2021.82331341849	25743.0270264255	1.41
2021.86139893099	23550.1767209689	1.56
2021.8994844435	22218.8978048911	1.66
2021.937569956	18861.7863888313	1.98
2021.9756554685	19708.5836599989	2.36
2022.01374098101	21045.2936718611	2.81
2022.05182649351	23931.4859238015	3.22
2022.08991200602	23605.7044637791	3.87
2022.12799751852	25036.9774026685	4.55
2022.16608303102	27406.9463833187	5.41
2022.20416854353	30361.9657294449	6.54
2022.24225405603	36630.7802782683	8.09
2022.28033956853	47183.6191505243	10.45
2022.31842508104	70642.164342436	14.47
2022.35651059354	68258.8132557716	18.42
2022.39459610605	63097.4178123936	20.76
2022.43268161855	59269.8007091037	25.02
2022.47076713105	63415.1802740325	31.78
2022.50885264356	71915.621915388	42.89
2022.54693815606	77701.6436183945	54.75
2022.58502366857	98809.8904735515	65.7
2022.62310918107	157002.245311206	81.98
2022.66119469357	178171.7867023	98.37
2022.69928020608	208320.311974024	115.11
2022.73736571858	211437.860618102	122.63
2022.77545123109	217440.299547753	125.73
2022.81353674359	219885.505118367	127.56
2022.85162225609	226811.79774824	129.15
2022.8897077686	233338.810315391	129.57
2022.9277932811	235870.360609059	129.67
2022.96587879361	238287.578900368	129.97
2023.00396430611	240186.653643509	130.48
2023.04204981861	241887.446501997	130.74
2023.08013533112	243625.613832146	131.09
2023.11822084362	245128.55864685	131.64
2023.15630635613	246128.22907912	132.34
2023.19439186863	246070.996370061	133.05
2023.23247738113	244875.969238421	134.34
2023.27056289364	241742.564715184	136.34
2023.30864840614	236072.260184499	139.81
2023.34673391865	230984.94302932	146.32
2023.38481943115	219615.377839688	168.95
2023.42290494365	195326.140162447	241.39
2023.46099045616	168572.633961686	398.11
2023.49907596866	144059.129653688	623.96
2023.53716148117	174793.115991934	691.28
2023.57524699367	295863.86345956	751.33
2023.61333250617	330175.838266592	779.49
2023.65141801868	335526.059876303	791.9
2023.68950353118	327992.213516401	808.72
2023.72758904368	321577.815938893	839.02
2023.76567455619	298769.349878444	897.66
2023.80376006869	286754.2558517	912.89
2023.8418455812	282093.791561954	913.95
2023.8799310937	280816.814806299	909.53
2023.9180166062	281357.977933662	909.42
2023.95610211871	282069.367623427	909.27
2023.99418763121	282994.959477396	908.89
2024.03227314372	284121.896571759	908.68
2024.07035865622	285422.566103018	908.36
2024.10844416872	286936.024102346	908
2024.14652968123	288725.163926378	907.46
2024.18461519373	290836.16389879	906.94
2024.22270070624	293322.265138607	906.03
2024.26078621874	296385.296489205	904.72
2024.29887173124	300375.875479652	902.41
2024.33695724375	306098.774143493	898.03
