time	diffusion_coefficient	number_of_branches
2015.01403646248	35.2950474169798	0
2015.06086334738	98.7060364885029	0
2015.10769023228	132.610985308485	0
2015.15451711718	166.51446884703	0
2015.20134400208	200.416484866396	0
2015.24817088698	177.564108141004	0
2015.29499777188	268.216105208996	0
2015.34182465678	302.113704992785	0
2015.38865154168	336.009828144007	0
2015.43547842658	369.904472404546	0
2015.48230531148	403.797635477669	0
2015.52913219638	828.899489245185	0
2015.57595908128	471.579509014087	0
2015.62278596618	274.313553837001	0
2015.66961285108	311.394860000252	0
2015.71643973598	204.25193521061	0
2015.76326662088	229.235220289855	0
2015.81009350578	87.0170635158779	0
2015.85692039068	114.825450878954	0
2015.90374727558	142.560995523369	0
2015.95057416048	171.122118218438	0
2015.99740104538	207.907607707691	0
2016.04422793028	217.282519853556	0
2016.09105481518	239.880676638497	0
2016.13788170008	273.033320591244	0
2016.18470858498	314.771895237267	0
2016.23153546988	277.419806081936	0
2016.27836235478	337.271095813182	0
2016.32518923968	324.22738399103	0
2016.37201612458	386.223574075305	0
2016.41884300948	410.614317231546	0
2016.46566989438	436.114279167147	0
2016.51249677928	457.969040915423	0
2016.55932366418	482.043073907371	0
2016.60615054907	506.118079129734	0
2016.65297743397	572.022863010705	0
2016.69980431887	464.158558054577	0
2016.74663120377	681.446626305204	0
2016.79345808867	724.249121603701	0
2016.84028497357	767.054154783544	0
2016.88711185847	661.892260798002	0
2016.93393874337	633.893172893739	0
2016.98076562827	625.060016540758	0
2017.02759251317	648.999004339441	0
2017.07441939807	680.38417825553	0
2017.12124628297	748.819497552371	0
2017.16807316787	779.794397951876	0
2017.21490005277	834.989193803829	0
2017.26172693767	540.175175536664	0
2017.30855382257	507.899182842438	0
2017.35538070747	560.1897364187	0
2017.40220759237	616.337622140293	0
2017.44903447727	688.976506968232	0
2017.49586136217	703.731058419255	0
2017.54268824707	704.58763504023	0
2017.58951513197	807.265450410905	0
2017.63634201687	874.032111011493	0
2017.68316890177	849.34379210665	0
2017.72999578667	919.234265486085	0
2017.77682267157	896.012708227294	0
2017.82364955647	1016.60363971964	0
2017.87047644137	1002.4241956543	0
2017.91730332627	1065.19088867226	0
2017.96413021117	1159.07624214907	0
2018.01095709607	1230.32667822742	0
2018.05778398097	1299.7000675998	0
2018.10461086587	1394.01439626443	0
2018.15143775077	1450.82664083349	0
2018.19826463567	1486.52145296659	0
2018.24509152057	1476.91204712992	0
2018.29191840547	927.597956556234	0
2018.33874529037	981.662968758443	0
2018.38557217527	1075.44073407503	0
2018.43239906017	1210.40226751422	0
2018.47922594507	1436.25049633412	0
2018.52605282997	1398.90410695269	0
2018.57287971487	1493.14466608587	0
2018.61970659977	1544.3368137928	0
2018.66653348467	3326.19904676988	0
2018.71336036957	3507.03992341981	0
2018.76018725447	1870.03744113933	0
2018.80701413937	1919.46138007768	0
2018.85384102427	1968.04498772273	0
2018.90066790917	NA	0
2018.94749479407	NA	0
2018.99432167897	NA	0
2019.04114856387	NA	0
2019.08797544877	NA	0
2019.13480233367	NA	0
2019.18162921857	NA	0
2019.22845610347	NA	0
2019.27528298837	NA	0
2019.32210987327	NA	0
2019.36893675817	NA	0
2019.41576364307	NA	0
2019.46259052797	NA	0
2019.50941741287	2.55562614761029	0
2019.55624429777	16.7116808031833	0
2019.60307118267	42.4033189165641	0
2019.64989806757	78.2429587103746	0
2019.69672495247	123.05704803806	0
2019.74355183736	175.846329114175	0
2019.79037872226	235.754638714317	0
2019.83720560716	302.044178734858	0
2019.88403249206	374.075743768572	0
2019.93085937696	451.292784144624	0
2019.97768626186	533.208463408705	0
2020.02451314676	619.395073921291	0
2020.07134003166	709.475323998602	0
2020.11816691656	803.115121611379	0
2020.16499380146	900.017563081434	0
2020.21182068636	999.917898345468	0
2020.25864757126	1102.57929265553	0
2020.30547445616	1207.78924142758	0
2020.35230134106	1315.35652379094	0
2020.39912822596	1425.10860269739	0
2020.44595511086	1536.88939705245	0
2020.49278199576	NA	0
2020.53960888066	NA	0
2020.58643576556	NA	0
2020.63326265046	NA	0
2020.68008953536	37657.1773247198	0
2020.72691642026	32663.5020010447	0
2020.77374330516	28247.1361808186	0
2020.82057019006	22284.2724398146	0
2020.86739707496	19213.3328720784	0
2020.91422395986	16496.3955428628	0
2020.96105084476	14092.847825587	0
2021.00787772966	11968.0813804198	0
2021.05470461456	10092.4186439306	0
2021.10153149946	8440.26233392754	0
2021.14835838436	6989.41558607949	0
2021.19518526926	5720.53397792309	0
2021.24201215416	4507.03978424878	0
2021.28883903906	2598.59446060394	0
2021.33566592396	2846.22612569326	0
2021.38249280886	2154.81982936546	0
2021.42931969376	1891.09465856864	0
2021.47614657866	2638.96661529204	0
2021.52297346356	2562.26385349583	0
2021.56980034846	3332.41389486553	0
2021.61662723336	4204.15985109275	0
2021.66345411826	4897.87699479773	0
2021.71028100316	4948.70727175822	0
2021.75710788806	4152.9766445397	0
2021.80393477296	3760.71270968703	0
2021.85076165786	6189.12204494789	0
2021.89758854276	8985.5666425393	0
2021.94441542766	5341.32883825243	0
2021.99124231256	6483.26567143825	0
2022.03806919746	8134.46002028901	0
2022.08489608236	8517.48700040247	0
2022.13172296726	12703.0568458695	3
2022.17854985216	16268.5900647214	3
2022.22537673706	24351.7798042042	3
2022.27220362196	29773.0794544297	3
2022.31903050686	32150.8294471564	6
2022.36585739176	36156.0186713645	8
2022.41268427666	42926.5126264813	9
2022.45951116156	50646.8021186796	12
2022.50633804646	60267.1401647351	18
2022.55316493136	59134.8782307244	24
2022.59999181626	65402.719240865	32
2022.64681870116	85656.0746338876	46
2022.69364558606	94793.2445295477	64
2022.74047247096	90639.4616449417	70
2022.78729935586	88938.1676277237	70
2022.83412624075	86999.4292607476	72
2022.88095312565	85025.4592705978	72
2022.92778001055	83221.3846988467	72
2022.97460689545	82442.5660018139	72
2023.02143378035	80655.5842801378	72
2023.06826066525	79120.6475190816	72
2023.11508755015	77649.718580379	72
2023.16191443505	75961.5342058501	73
2023.20874131995	73514.9370337955	73
2023.25556820485	69115.8924571672	73
2023.30239508975	62351.4372878873	75
2023.34922197465	57478.2909763368	76
2023.39604885955	53338.8149275084	94
2023.44287574445	51112.0266913088	195
2023.48970262935	41555.6864876995	440
2023.53652951425	40033.37702656	585
2023.58335639915	60527.7449999554	700
2023.63018328405	333635.005573408	724
2023.67701016895	337051.533334816	743
2023.72383705385	346689.358139897	767
2023.77066393875	379073.258713756	874
2023.81749082365	366446.607591209	909
2023.86431770855	365698.435150277	907
2023.91114459345	370372.158585235	907
2023.95797147835	375169.126914156	907
2024.00479836325	379993.671526052	907
2024.05162524815	385033.674092545	907
2024.09845213305	390428.107770583	906
2024.14527901795	395566.385245152	906
2024.19210590285	400419.153630288	906
2024.23893278775	406319.026208596	906
2024.28575967265	412928.324593458	905
2024.33258655755	421871.325847242	904
