time	diffusion_coefficient	number_of_branches
2015.01403646248	35.2950474169798	0
2015.06086334738	98.7060364885029	0
2015.10769023228	132.610985308485	0
2015.15451711718	166.51446884703	0
2015.20134400208	200.416484866396	0
2015.24817088698	177.564108141004	0
2015.29499777188	268.216105208996	0
2015.34182465678	302.113704992785	0
2015.38865154168	336.009828144007	0
2015.43547842658	369.904472404546	0
2015.48230531148	403.797635477669	0
2015.52913219638	828.899489245185	0
2015.57595908128	471.579509014087	0
2015.62278596618	274.313553837001	0
2015.66961285108	311.394860000252	0
2015.71643973598	204.25193521061	0
2015.76326662088	229.235220289855	0
2015.81009350578	87.0170635158779	0
2015.85692039068	114.825450878954	0
2015.90374727558	142.560995523369	0
2015.95057416048	171.122118218438	0
2015.99740104538	207.907607707691	0
2016.04422793028	217.282519853556	0
2016.09105481518	239.880676638497	0
2016.13788170008	273.033320591244	0
2016.18470858498	314.771895237267	0
2016.23153546988	277.419806081936	0
2016.27836235478	337.271095813182	0
2016.32518923968	324.22738399103	0
2016.37201612458	386.223574075305	0
2016.41884300948	410.614317231546	0
2016.46566989438	436.114279167147	0
2016.51249677928	457.969040915423	0
2016.55932366418	482.043073907371	0
2016.60615054907	506.118079129734	0
2016.65297743397	572.022863010705	0
2016.69980431887	464.158558054577	0
2016.74663120377	681.446626305203	0
2016.79345808867	724.249121603701	0
2016.84028497357	767.054154783544	0
2016.88711185847	661.892260798002	0
2016.93393874337	633.893172893739	0
2016.98076562827	625.060016540758	0
2017.02759251317	648.999004339441	0
2017.07441939807	680.38417825553	0
2017.12124628297	748.819497552371	0
2017.16807316787	779.794397951876	0
2017.21490005277	834.989193803829	0
2017.26172693767	540.175175536664	0
2017.30855382257	507.899182842438	0
2017.35538070747	560.1897364187	0
2017.40220759237	616.337622140293	0
2017.44903447727	688.976506968232	0
2017.49586136217	703.731058419255	0
2017.54268824707	704.58763504023	0
2017.58951513197	807.265450410905	0
2017.63634201687	874.032111011493	0
2017.68316890177	849.34379210665	0
2017.72999578667	919.234265486085	0
2017.77682267157	896.012708227294	0
2017.82364955647	1016.60363971964	0
2017.87047644137	1002.4241956543	0
2017.91730332627	1065.19088867226	0
2017.96413021117	1159.07624214907	0
2018.01095709607	1230.32667822742	0
2018.05778398097	1299.7000675998	0
2018.10461086587	1394.01439626443	0
2018.15143775077	1450.82664083349	0
2018.19826463567	1486.52145296659	0
2018.24509152057	1476.91204712992	0
2018.29191840547	927.597956556234	0
2018.33874529037	981.662968758443	0
2018.38557217527	1075.44073407503	0
2018.43239906017	1210.40226751422	0
2018.47922594507	1436.25049633412	0
2018.52605282997	1398.90410695269	0
2018.57287971487	1493.14466608587	0
2018.61970659977	1544.3368137928	0
2018.66653348467	3326.19904676988	0
2018.71336036957	3507.03992341981	0
2018.76018725447	1870.03744113933	0
2018.80701413937	1919.46138007768	0
2018.85384102427	1968.04498772273	0
2018.90066790917	NA	0
2018.94749479407	NA	0
2018.99432167897	NA	0
2019.04114856387	NA	0
2019.08797544877	NA	0
2019.13480233367	NA	0
2019.18162921857	NA	0
2019.22845610347	NA	0
2019.27528298837	NA	0
2019.32210987327	NA	0
2019.36893675817	NA	0
2019.41576364307	NA	0
2019.46259052797	NA	0
2019.50941741287	29.3402080622303	0
2019.55624429777	80.0603595939579	0
2019.60307118267	130.78181209811	0
2019.64989806757	181.504555735393	0
2019.69672495247	232.228580731376	0
2019.74355183736	282.953877263166	0
2019.79037872226	333.680435501255	0
2019.83720560716	384.408245658039	0
2019.88403249206	435.13729790275	0
2019.93085937696	485.867582436817	0
2019.97768626186	536.59908944071	0
2020.02451314676	587.331809105172	0
2020.07134003166	638.065731617164	0
2020.11816691656	688.800847162935	0
2020.16499380146	739.537145942243	0
2020.21182068636	790.274618131433	0
2020.25864757126	841.013253923943	0
2020.30547445616	891.753043508248	0
2020.35230134106	942.493977066804	0
2020.39912822596	993.23604480305	0
2020.44595511086	1043.97923688013	0
2020.49278199576	NA	0
2020.53960888066	NA	0
2020.58643576556	NA	0
2020.63326265046	NA	0
2020.68008953536	12859.2936652788	0
2020.72691642026	12250.8366384077	0
2020.77374330516	11642.2652003908	0
2020.82057019006	8928.62702568246	0
2020.86739707496	8463.15166915103	0
2020.91422395986	7997.65690509851	0
2020.96105084476	7532.14405644592	0
2021.00787772966	7066.61444576739	0
2021.05470461456	6601.06939533643	0
2021.10153149946	6135.51022713931	0
2021.14835838436	5669.9382628943	0
2021.19518526926	4009.21629139932	0
2021.24201215416	3878.21682045788	0
2021.28883903906	3795.84579944431	0
2021.33566592396	3689.21543668168	0
2021.38249280886	3454.72632749921	0
2021.42931969376	3111.41081014851	0
2021.47614657866	4419.08893101926	0
2021.52297346356	3607.61687010573	0
2021.56980034846	5561.32631711358	0
2021.61662723336	4895.77722070967	0
2021.66345411826	4851.7482063737	0
2021.71028100316	6642.52668328385	0
2021.75710788806	5340.17829893084	0
2021.80393477296	7274.79140472405	0
2021.85076165786	10218.5026451429	0
2021.89758854276	7635.63414729972	0
2021.94441542766	7405.65934376209	0
2021.99124231256	10680.3332076824	0
2022.03806919746	17769.9202244969	0
2022.08489608236	19186.816177281	0
2022.13172296726	27881.8078065422	3
2022.17854985216	32981.0628724319	3
2022.22537673706	38315.3794982977	3
2022.27220362196	50719.8594273756	3
2022.31903050686	44876.0331110831	6
2022.36585739176	58901.9949153862	8
2022.41268427666	74084.0470222755	9
2022.45951116156	110924.369390645	12
2022.50633804646	102191.154109757	18
2022.55316493136	91206.4124756376	24
2022.59999181626	93235.6099314532	32
2022.64681870116	154743.872689152	46
2022.69364558606	160341.224206331	64
2022.74047247096	153535.432041659	70
2022.78729935586	155390.939127621	70
2022.83412624075	155319.002107725	72
2022.88095312565	154146.027833231	72
2022.92778001055	154141.919982193	72
2022.97460689545	154137.812519116	72
2023.02143378035	154133.705445581	72
2023.06826066525	152007.804172938	72
2023.11508755015	152029.488765069	72
2023.16191443505	150147.185536862	73
2023.20874131995	150050.313214827	73
2023.25556820485	147547.867409041	73
2023.30239508975	142029.62675129	75
2023.34922197465	136203.718004948	76
2023.39604885955	115117.069159799	94
2023.44287574445	71729.5251879626	195
2023.48970262935	38597.1221749288	440
2023.53652951425	40991.4128558937	585
2023.58335639915	91103.0889861422	700
2023.63018328405	573168.696870212	724
2023.67701016895	555941.151578258	743
2023.72383705385	535218.75690377	767
2023.77066393875	562127.697436047	874
2023.81749082365	569309.495156902	909
2023.86431770855	570561.648965576	907
2023.91114459345	570561.648715573	907
2023.95797147835	570561.648465571	907
2024.00479836325	570561.64821557	907
2024.05162524815	570874.780643065	907
2024.09845213305	570873.153890432	906
2024.14527901795	570871.52642648	906
2024.19210590285	570869.898260638	906
2024.23893278775	571172.999116364	906
2024.28575967265	571780.225225662	905
2024.33258655755	573003.993984635	904
