time	distance
2015.73014935637	0
2015.77327860959	0.239805689652999
2015.81640786281	0.479636661620622
2015.85953711602	0.719492287176696
2015.90266636924	0.959371937779411
2015.94579562246	1.19927498507653
2015.98892487568	1.43920080087871
2016.0320541289	1.67914875714698
2016.07518338212	1.91911822598467
2016.11831263533	2.15910857961332
2016.16144188855	2.39911919036777
2016.20457114177	2.63914943067364
2016.24770039499	2.87919867303678
2016.29082964821	3.11926629003235
2016.33395890142	3.35935165428059
2016.37708815464	3.59945413844415
2016.42021740786	3.85738509482714
2016.46334666108	4.13559852945111
2016.5064759143	4.41382649349843
2016.54960516751	4.69206835907645
2016.59273442073	4.99028379628875
2016.63586367395	5.2968401981844
2016.67899292717	5.6235113359114
2016.72212218039	5.92462070798646
2016.76525143361	6.02520927778013
2016.80838068682	6.17795615744521
2016.85150994004	6.33070302485092
2016.89463919326	6.48344987562219
2016.93776844648	6.63619670550484
2016.9808976997	6.78894351024744
2017.02402695291	6.94639150277571
2017.06715620613	7.14432555233983
2017.11028545935	7.37006904416468
2017.15341471257	7.62558550144679
2017.19654396579	7.94029861251125
2017.23967321901	8.26095264555628
2017.28280247222	8.63350838972703
2017.32593172544	9.93523542569282
2017.36906097866	11.4442590744495
2017.41219023188	12.0893097036548
2017.4553194851	12.5673982209733
2017.49844873831	13.0725149556792
2017.54157799153	13.6027606064104
2017.58470724475	14.1980144913064
2017.62783649797	14.829239449365
2017.67096575119	15.5372579811433
2017.7140950044	16.4514427191303
2017.75722425762	17.5113812795289
2017.80035351084	18.6546360355192
2017.84348276406	19.8487533515428
2017.88661201728	21.1718699870914
2017.9297412705	22.5206255090677
2017.97287052371	23.9346493311602
2018.01599977693	25.4452755243104
2018.05912903015	26.994666787717
2018.10225828337	28.5772936086667
2018.14538753659	30.1609503653444
2018.1885167898	31.744631120548
2018.23164604302	33.3486755774944
2018.27477529624	34.9761765028851
2018.31790454946	36.6104769584644
2018.36103380268	39.0750517613895
2018.4041630559	42.7584061358303
2018.44729230911	46.4723621561916
2018.49042156233	50.2586083618067
2018.53355081555	53.8145351615016
2018.57668006877	60.9498604055092
2018.61980932199	66.3425641839726
2018.6629385752	69.168042293425
2018.70606782842	72.0501512984134
2018.74919708164	75.0202715974518
2018.79232633486	78.1388033246924
2018.83545558808	81.3704783644274
2018.8785848413	84.6432888318855
2018.92171409451	87.9351834489525
2018.96484334773	91.4077048909558
2019.00797260095	94.9990162080051
2019.05110185417	98.6242939486566
2019.09423110739	105.713122042393
2019.1373603606	112.967845231251
2019.18048961382	117.49867006144
2019.22361886704	121.378796996395
2019.26674812026	125.26607709043
2019.30987737348	129.336706078571
2019.35300662669	133.409128777712
2019.39613587991	137.487511173637
2019.43926513313	141.665881665863
2019.48239438635	146.099982325582
2019.52552363957	150.620846683844
2019.56865289279	155.286800110832
2019.611782146	160.110785253846
2019.65491139922	165.056095932585
2019.69804065244	170.877817487992
2019.74116990566	176.799796006503
2019.78429915888	182.932775190242
2019.82742841209	189.199702765157
2019.87055766531	195.492361917039
2019.91368691853	201.837456820245
2019.95681617175	208.305543966436
2019.99994542497	214.880441126071
2020.04307467818	221.417217264773
2020.0862039314	227.788216301255
2020.12933318462	234.160236803194
2020.17246243784	239.903835257999
2020.21559169106	245.689714653159
2020.25872094428	251.459894213793
2020.30185019749	257.073136152041
2020.34497945071	262.686885865578
2020.38810870393	268.30110346117
2020.43123795715	273.915395537862
2020.47436721037	279.529728262877
2020.51749646358	285.144079256077
2020.5606257168	290.758432810017
2020.60375497002	296.372777350576
2020.64688422324	301.987103991237
2020.69001347646	307.599279723673
2020.73314272968	313.052460410355
2020.77627198289	318.515806551658
2020.81940123611	324.00803848317
2020.86253048933	329.556910237668
2020.90565974255	335.20566149435
2020.94878899577	340.97405494315
2020.99191824898	346.667455913849
2021.0350475022	352.39930959806
2021.07817675542	358.013120525419
2021.12130600864	363.566337733835
2021.16443526186	369.120912437155
2021.20756451508	374.696397342225
2021.25069376829	380.32361903161
2021.29382302151	385.98414779554
2021.33695227473	391.558213359021
2021.38008152795	397.132383178858
2021.42321078117	402.687679068772
2021.46634003438	408.202899576948
2021.5094692876	413.752075801944
2021.55259854082	419.37147644752
2021.59572779404	425.005278458829
2021.63885704726	431.257845908305
2021.68198630047	438.099086790382
2021.72511555369	443.95221130874
2021.76824480691	449.856751648163
2021.81137406013	455.968734806912
2021.85450331335	462.371953345088
2021.89763256657	468.975955210691
2021.94076181978	475.596783427767
2021.983891073	482.233014488088
2022.02702032622	488.927751465159
2022.07014957944	495.799117218826
2022.11327883266	502.911384843474
2022.15640808587	510.478479893212
2022.19953733909	518.961581540511
2022.24266659231	527.127402508515
2022.28579584553	534.639638207979
2022.32892509875	542.326354354036
2022.37205435197	551.971022874783
2022.41518360518	562.030728360557
2022.4583128584	570.723794896095
2022.50144211162	580.15298180133
2022.54457136484	591.170876388899
2022.58770061806	603.882835451189
2022.63082987127	620.231519747637
2022.67395912449	638.50562478574
2022.71708837771	660.720000269497
2022.76021763093	687.893272917202
2022.80334688415	710.159203879482
2022.84647613736	729.631671520979
2022.88960539058	744.589015674268
2022.9327346438	756.379025726909
2022.97586389702	919.108276113759
2023.01899315024	926.400963334841
2023.06212240346	927.798858268795
2023.10525165667	933.637401521609
2023.14838090989	952.487625160236
2023.19151016311	970.468423846662
2023.23463941633	1012.17375239478
2023.27776866955	1012.33498427281
2023.32089792276	1019.80586491657
2023.36402717598	1028.9077429115
2023.4071564292	1035.12073312239
2023.45028568242	1041.39022576258
2023.49341493564	1044.21753357123
2023.53654418886	1047.53399635917
2023.57967344207	1055.31815268042
2023.62280269529	1062.58512474989
2023.66593194851	1068.03312493591
2023.70906120173	1072.25893345003
2023.75219045495	1076.36858431113
2023.79531970816	1081.1291325885
2023.83844896138	1086.58344159394
2023.8815782146	1094.48856345285
2023.92470746782	1113.47072678781
2023.96783672104	1212.14084255352
2024.01096597425	1382.62796827922
2024.05409522747	2497.24713354027
2024.09722448069	3036.15760615108
2024.14035373391	3065.19261565057
2024.18348298713	3074.40386214653
2024.22661224035	3088.38800068039
2024.26974149356	3128.19602175283
2024.31287074678	3128.19602175283
2024.356	3128.19602175283
