time	diffusion_coefficient	number_of_branches
2015.01403646248	33.3967295687566	0.06
2015.06086334738	75.2451034660622	0.1
2015.10769023228	144.503375478877	0.1
2015.15451711718	213.766619229228	0.1
2015.20134400208	283.03479819683	0.1
2015.24817088698	313.725094073218	0.12
2015.29499777188	346.668520480582	0.14
2015.34182465678	427.631149878478	0.14
2015.38865154168	508.595534736093	0.14
2015.43547842658	589.561630710363	0.14
2015.48230531148	670.529393436404	0.14
2015.52913219638	876.716989175142	0.12
2015.57595908128	846.582250334413	0.14
2015.62278596618	736.465081670836	0.18
2015.66961285108	671.576060367713	0.22
2015.71643973598	643.908638220162	0.26
2015.76326662088	669.620315865964	0.28
2015.81009350578	551.901169152379	0.38
2015.85692039068	617.332638955001	0.38
2015.90374727558	622.12170404831	0.42
2015.95057416048	663.055925446843	0.42
2015.99740104538	740.02812365983	0.42
2016.04422793028	456.959324226254	0.46
2016.09105481518	476.975305398443	0.52
2016.13788170008	552.437154076449	0.52
2016.18470858498	627.902126493463	0.52
2016.23153546988	466.925554436352	0.62
2016.27836235478	520.999624779288	0.62
2016.32518923968	515.201471780335	0.74
2016.37201612458	557.546340385882	0.8
2016.41884300948	612.393216579028	0.84
2016.46566989438	649.07533860729	0.9
2016.51249677928	676.618562261031	0.98
2016.55932366418	708.436840142198	0.98
2016.60615054907	789.190512541538	0.98
2016.65297743397	860.461251803947	0.98
2016.69980431887	855.959733058546	0.98
2016.74663120377	944.29409014255	0.98
2016.79345808867	1024.37948421575	0.94
2016.84028497357	1121.28319988195	0.9
2016.88711185847	1109.03321025541	0.94
2016.93393874337	1094.75986515993	0.94
2016.98076562827	1154.00689377584	0.98
2017.02759251317	1224.12393312542	0.96
2017.07441939807	1201.55699740357	0.88
2017.12124628297	1267.80890198167	0.9
2017.16807316787	1314.95831965078	0.94
2017.21490005277	1413.12835961518	0.9
2017.26172693767	1286.54710361192	0.86
2017.30855382257	1030.23870263103	0.88
2017.35538070747	1147.81875120934	0.86
2017.40220759237	1272.62225831222	0.78
2017.44903447727	1346.44056489972	0.8
2017.49586136217	1199.06688308834	0.72
2017.54268824707	1317.33705626763	0.68
2017.58951513197	1398.26905487537	0.66
2017.63634201687	1371.54889647176	0.66
2017.68316890177	1308.79154350681	0.66
2017.72999578667	1426.61854074252	0.66
2017.77682267157	1524.23383535744	0.64
2017.82364955647	1635.39031377	0.66
2017.87047644137	1695.7830157427	0.7
2017.91730332627	1494.00613090076	0.62
2017.96413021117	1738.21839599101	0.58
2018.01095709607	1925.24177574085	0.54
2018.05778398097	2114.81193732762	0.52
2018.10461086587	2355.35635685717	0.5
2018.15143775077	2571.8589177854	0.48
2018.19826463567	2814.46705519917	0.44
2018.24509152057	3067.11462728235	0.38
2018.29191840547	3220.13104280866	0.26
2018.33874529037	2989.52928568903	0.24
2018.38557217527	3192.64964237815	0.24
2018.43239906017	3704.45952793856	0.22
2018.47922594507	4249.60391337678	0.2
2018.52605282997	2807.8397400931	0.18
2018.57287971487	2974.57082573861	0.18
2018.61970659977	3306.31949755521	0.16
2018.66653348467	4388.4839037876	0.12
2018.71336036957	3691.03734654833	0.08
2018.76018725447	3052.37128042694	0.06
2018.80701413937	1919.46138007768	0.04
2018.85384102427	1968.04498772273	0.02
2018.90066790917	NA	0
2018.94749479407	NA	0
2018.99432167897	NA	0
2019.04114856387	NA	0
2019.08797544877	NA	0
2019.13480233367	NA	0
2019.18162921857	NA	0
2019.22845610347	NA	0
2019.27528298837	NA	0
2019.32210987327	NA	0
2019.36893675817	NA	0
2019.41576364307	NA	0
2019.46259052797	NA	0
2019.50941741287	29.3402080622303	0.03
2019.55624429777	80.0603595939579	0.03
2019.60307118267	130.78181209811	0.03
2019.64989806757	181.504555735393	0.03
2019.69672495247	232.228580731376	0.03
2019.74355183736	282.953877263166	0.03
2019.79037872226	333.680435501255	0.03
2019.83720560716	384.408245658039	0.03
2019.88403249206	435.13729790275	0.03
2019.93085937696	485.867582436817	0.03
2019.97768626186	536.59908944071	0.03
2020.02451314676	587.331809105172	0.03
2020.07134003166	638.065731617164	0.03
2020.11816691656	688.800847162935	0.03
2020.16499380146	739.537145942243	0.03
2020.21182068636	790.274618131433	0.03
2020.25864757126	841.013253923943	0.03
2020.30547445616	891.753043508248	0.03
2020.35230134106	942.493977066804	0.03
2020.39912822596	993.23604480305	0.03
2020.44595511086	1043.97923688013	0.03
2020.49278199576	NA	0
2020.53960888066	NA	0
2020.58643576556	NA	0
2020.63326265046	NA	0
2020.68008953536	12859.2936652788	0.03
2020.72691642026	12250.8366384077	0.03
2020.77374330516	11642.2652003908	0.03
2020.82057019006	8928.62702568246	0.06
2020.86739707496	8463.15166915103	0.06
2020.91422395986	7997.65690509851	0.06
2020.96105084476	7532.14405644592	0.06
2021.00787772966	7066.61444576739	0.06
2021.05470461456	6601.06939533643	0.06
2021.10153149946	6135.51022713931	0.06
2021.14835838436	5669.9382628943	0.06
2021.19518526926	3750.38402581555	0.12
2021.24201215416	3378.66877771773	0.15
2021.28883903906	3207.89731048105	0.18
2021.33566592396	3767.14897078824	0.18
2021.38249280886	4326.52941090234	0.18
2021.42931969376	4359.34093717387	0.21
2021.47614657866	5364.22583324176	0.21
2021.52297346356	5909.36719224225	0.24
2021.56980034846	7264.33332797321	0.24
2021.61662723336	7442.0779840439	0.3
2021.66345411826	8154.9462848257	0.35
2021.71028100316	8474.9152632668	0.47
2021.75710788806	8787.84025334078	0.56
2021.80393477296	10400.3483278378	0.68
2021.85076165786	15737.2059894154	0.74
2021.89758854276	20605.6394300201	0.8
2021.94441542766	22166.5748607774	1.01
2021.99124231256	24937.9535510133	1.25
2022.03806919746	29785.4489664921	1.37
2022.08489608236	34769.2737714838	1.67
2022.13172296726	55987.7838706417	1.91
2022.17854985216	72799.0855561077	2.5
2022.22537673706	95088.4190631772	3.18
2022.27220362196	127018.914163955	3.91
2022.31903050686	212390.938335049	5.88
2022.36585739176	181861.989178363	7.7
2022.41268427666	192685.467652835	9.04
2022.45951116156	254653.723565089	12.03
2022.50633804646	275867.425324185	17.88
2022.55316493136	234999.930583694	23.84
2022.59999181626	208833.540369825	32.35
2022.64681870116	271746.872318227	45.83
2022.69364558606	274714.37243341	63.47
2022.74047247096	254461.874280293	69.85
2022.78729935586	254607.874453696	70.79
2022.83412624075	254306.344610294	71.59
2022.88095312565	251988.19746751	72.18
2022.92778001055	251707.01319727	72.25
2022.97460689545	251222.040752968	72.32
2023.02143378035	251250.191799585	72.38
2023.06826066525	250593.529591952	72.59
2023.11508755015	249754.342268414	72.63
2023.16191443505	247878.62787871	72.78
2023.20874131995	245886.940304986	73.07
2023.25556820485	243073.806028515	73.49
2023.30239508975	232278.265876052	74.61
2023.34922197465	224558.472368332	76
2023.39604885955	184550.260350471	93.39
2023.44287574445	119060.076818077	194.62
2023.48970262935	62476.4102451287	440.65
2023.53652951425	75132.990750872	584.3
2023.58335639915	257437.157768723	699.83
2023.63018328405	1219699.14939814	724.18
2023.67701016895	1183251.77451026	742.56
2023.72383705385	1150333.92640708	766.91
2023.77066393875	1109582.86228649	873.88
2023.81749082365	1090455.75008866	908.63
2023.86431770855	1092904.08492084	906.77
2023.91114459345	1092945.57501136	906.71
2023.95797147835	1092976.02582175	906.65
2024.00479836325	1093032.30826267	906.6
2024.05162524815	1093207.69945221	906.42
2024.09845213305	1093259.12937062	906.34
2024.14527901795	1093359.10675556	906.25
2024.19210590285	1093576.84035483	906
2024.23893278775	1094013.65282457	905.66
2024.28575967265	1094643.71338034	905.1
2024.33258655755	1096323.2361472	903.79
