time	tree_1	tree_2	tree_3	tree_4	tree_5	tree_6	tree_7	tree_8	tree_9	tree_10	tree_11	tree_12	tree_13	tree_14	tree_15	tree_16	tree_17	tree_18	tree_19	tree_20	tree_21	tree_22	tree_23	tree_24	tree_25	tree_26	tree_27	tree_28	tree_29	tree_30	tree_31	tree_32	tree_33	tree_34	tree_35	tree_36	tree_37	tree_38	tree_39	tree_40	tree_41	tree_42	tree_43	tree_44	tree_45	tree_46	tree_47	tree_48	tree_49	tree_50	tree_51	tree_52	tree_53	tree_54	tree_55	tree_56	tree_57	tree_58	tree_59	tree_60	tree_61	tree_62	tree_63	tree_64	tree_65	tree_66	tree_67	tree_68	tree_69	tree_70	tree_71	tree_72	tree_73	tree_74	tree_75	tree_76	tree_77	tree_78	tree_79	tree_80	tree_81	tree_82	tree_83	tree_84	tree_85	tree_86	tree_87	tree_88	tree_89	tree_90	tree_91	tree_92	tree_93	tree_94	tree_95	tree_96	tree_97	tree_98	tree_99	tree_100
2016.75794025546	0	0	0	0	0	0	0	0	0	0	0	0	0	0	0	0	0	0	0	0	0	0	0	0	0	0	0	0	0	0	0	0	0	0	0	0	0	0	0	0	0	0	0	0	0	0	0	0	0	0	0	0	0	0	2	0	0	0	0	0	0	0	0	0	0	0	0	0	0	0	0	0	0	0	0	0	0	0	0	0	0	0	0	0	0	0	0	0	0	0	0	0	0	0	0	0	0	0	0	0
2016.79602576797	0	0	0	0	0	0	0	0	0	0	0	0	0	0	0	0	0	0	0	0	0	0	0	0	0	0	0	0	0	0	0	0	0	0	0	0	0	0	0	0	0	0	0	0	0	0	0	0	0	0	0	0	0	0	4	0	0	0	0	0	0	0	0	0	0	0	0	0	0	0	0	0	0	0	0	0	0	0	0	0	0	0	0	0	0	0	0	0	0	0	0	0	0	0	0	0	0	0	0	0
2016.83411128047	0	0	0	0	0	0	0	0	0	0	0	0	0	0	0	0	0	0	0	0	0	0	0	0	0	0	0	0	0	0	0	0	0	0	0	0	0	0	0	0	0	0	0	0	0	0	0	0	0	0	0	0	0	0	3	0	0	0	0	0	0	0	0	0	0	0	0	0	0	0	0	0	0	0	0	0	0	0	0	0	0	0	0	0	0	0	0	0	0	0	0	0	0	0	0	0	0	0	0	0
2016.87219679297	0	0	0	0	0	0	0	0	0	0	0	0	0	0	0	0	0	0	0	0	0	0	0	0	0	0	0	0	0	0	0	0	0	0	0	0	0	0	0	0	0	0	0	0	0	0	0	0	0	0	0	0	0	0	3	0	2	0	0	0	0	0	0	0	0	0	0	0	0	0	0	0	0	0	0	0	0	0	0	0	0	0	0	0	0	0	0	0	0	0	0	0	0	0	0	0	0	0	0	0
2016.91028230548	0	0	0	0	0	0	0	0	0	0	0	0	0	0	0	0	0	0	0	0	0	0	0	0	0	0	0	0	0	0	0	0	0	0	0	0	0	0	0	0	0	0	0	0	0	0	0	0	0	0	0	0	0	0	3	0	2	0	0	0	0	0	0	0	0	0	0	0	0	0	0	0	0	0	0	0	0	0	0	0	0	0	0	0	0	0	0	0	0	0	0	0	0	0	0	0	0	0	0	0
2016.94836781798	0	0	0	0	0	0	0	0	0	0	0	0	0	0	0	0	0	0	0	0	0	0	0	0	0	0	0	0	0	0	0	0	0	0	0	0	0	0	0	0	0	0	0	0	0	0	0	0	0	0	0	0	0	0	3	0	2	0	0	0	0	0	0	0	0	0	0	0	0	0	0	0	0	0	0	0	0	0	0	0	0	0	0	0	0	0	0	0	0	0	0	0	0	0	0	0	0	0	0	0
2016.98645333049	0	0	0	0	0	0	0	0	0	0	0	0	0	0	0	0	0	0	0	0	0	0	0	0	0	0	0	0	0	0	0	0	0	0	0	0	0	0	0	0	0	0	0	0	0	0	0	0	0	0	0	0	0	0	0	0	2	0	0	0	0	0	0	0	0	0	0	0	0	0	0	0	0	0	0	0	0	0	0	0	0	0	0	0	0	0	0	0	0	0	0	0	0	0	0	0	0	0	0	0
2017.02453884299	0	0	0	0	0	0	0	0	0	0	0	0	0	0	0	0	0	0	0	0	0	0	0	0	0	0	0	0	0	0	0	0	0	0	0	0	0	0	0	0	0	0	0	0	0	0	0	0	0	0	0	0	0	0	0	0	2	0	0	0	0	0	0	0	0	0	0	0	0	0	0	0	0	0	0	0	0	0	0	0	0	0	0	0	0	0	0	0	0	0	0	0	0	0	0	0	0	0	0	0
2017.06262435549	0	0	0	0	0	0	0	0	0	0	0	0	0	0	0	0	0	0	0	0	0	0	0	0	0	0	0	0	0	0	0	0	0	0	0	0	0	0	0	0	0	0	0	0	0	0	0	0	0	0	0	0	0	0	0	0	0	0	0	0	0	0	0	0	0	0	0	0	0	0	0	0	0	0	0	0	0	0	0	0	0	0	0	0	0	0	0	0	0	0	0	0	0	0	0	0	0	0	0	0
2017.100709868	0	0	0	0	0	0	0	0	0	0	0	0	0	0	0	0	0	0	0	0	0	0	0	0	0	0	0	0	0	0	0	0	0	0	0	0	0	0	0	0	0	0	0	0	0	0	0	0	0	0	0	0	0	0	0	0	0	0	0	0	0	0	0	0	0	0	0	0	0	0	0	0	0	0	0	0	0	0	0	0	0	0	0	0	0	0	0	0	0	0	0	0	0	0	0	0	0	0	0	0
2017.1387953805	0	0	0	0	0	0	0	0	0	0	0	0	0	0	0	0	0	0	0	0	0	0	0	0	0	0	0	0	0	0	0	0	0	0	0	0	0	0	0	0	0	0	0	0	0	2	0	0	0	0	0	0	0	2	0	0	0	0	0	0	0	0	0	0	0	0	0	0	0	0	0	0	0	0	0	0	0	0	0	0	0	0	0	0	0	0	0	0	0	0	0	0	0	0	0	0	0	0	0	0
2017.17688089301	0	0	0	0	0	0	0	0	0	0	0	0	0	0	0	0	0	0	0	0	0	0	0	0	0	0	0	0	0	0	0	0	0	0	0	0	0	0	0	0	0	0	0	0	0	2	0	0	0	0	0	0	0	2	0	0	0	0	0	0	0	0	0	0	0	0	0	0	0	0	0	0	0	0	0	0	0	0	0	0	0	0	0	0	0	0	0	0	0	0	0	0	0	0	0	0	0	0	0	0
2017.21496640551	0	0	0	0	0	0	0	0	0	0	0	0	0	0	0	0	0	0	0	0	0	0	0	0	0	0	0	0	0	0	0	0	0	0	0	0	0	0	0	0	0	0	0	0	0	2	0	0	0	0	0	0	0	2	0	0	0	0	0	0	0	0	0	0	0	0	0	0	0	0	0	0	0	0	0	0	0	0	0	0	0	0	0	0	0	0	0	0	0	0	0	0	0	0	0	0	0	0	0	0
2017.25305191801	0	0	0	0	0	0	0	0	0	0	0	0	0	0	0	0	0	0	0	0	0	0	0	0	0	0	0	0	0	0	0	0	0	0	0	0	0	0	0	0	0	0	0	0	0	2	0	0	0	0	0	0	0	2	0	0	0	0	0	0	0	0	0	0	0	0	0	0	0	0	0	0	0	0	0	0	0	0	0	0	0	0	0	0	0	0	0	0	0	0	0	0	0	0	0	0	0	0	0	0
2017.29113743052	0	0	0	0	0	0	0	0	0	0	0	0	0	0	0	0	0	0	0	0	0	0	0	0	0	0	0	0	0	0	0	0	0	0	0	0	0	0	0	0	0	0	0	0	0	2	0	0	0	0	0	0	0	2	0	0	3	0	0	0	0	0	0	0	0	0	0	0	0	0	0	0	0	0	0	0	0	0	0	0	0	0	0	0	0	0	0	0	0	0	0	0	0	0	0	0	0	0	0	0
2017.32922294302	0	0	0	0	0	0	0	0	0	0	0	0	0	0	0	0	0	0	0	0	0	0	0	0	0	0	2	0	0	0	0	0	0	0	0	0	0	0	0	0	0	0	0	0	0	0	0	0	0	0	0	0	0	0	0	0	3	0	0	0	0	0	0	0	0	0	0	0	0	0	0	0	0	0	0	0	0	0	0	0	0	0	0	0	0	0	0	0	0	0	0	0	0	0	0	0	0	0	0	0
2017.36730845553	0	0	0	0	0	0	0	0	0	0	0	0	0	0	0	0	0	0	0	0	0	0	0	0	0	0	2	0	0	0	0	0	0	0	0	0	0	0	0	0	0	0	0	0	0	0	0	0	0	0	0	0	0	0	0	0	3	0	0	0	0	0	0	0	0	0	0	0	0	0	0	0	0	0	0	0	0	0	0	0	0	0	0	0	0	0	0	0	0	0	0	0	0	0	0	0	0	0	0	0
2017.40539396803	0	0	0	0	0	0	0	0	0	2	0	0	0	0	0	0	0	0	0	0	0	0	0	0	0	0	2	0	2	0	0	0	0	0	0	0	0	0	0	0	2	0	0	0	0	3	0	0	0	0	0	0	0	0	0	0	3	0	0	0	0	0	0	0	0	0	0	0	0	0	0	0	0	0	0	0	0	0	0	0	0	0	0	0	0	0	0	0	0	0	0	0	0	0	0	0	0	0	0	0
2017.44347948053	0	0	0	0	0	0	0	0	0	2	0	0	0	0	0	0	0	0	0	0	0	0	0	0	0	0	2	0	2	0	0	0	0	0	0	0	0	0	0	0	2	0	0	0	0	3	0	0	0	0	0	0	0	3	0	0	3	0	0	0	0	0	0	0	0	0	0	0	0	0	0	0	0	0	0	0	0	0	0	0	0	0	0	0	0	0	0	0	0	0	0	0	0	0	0	0	0	0	0	0
2017.48156499304	0	0	0	0	0	0	0	0	0	4	0	0	0	0	0	0	0	0	0	0	0	0	0	2	0	0	0	0	2	2	0	0	0	0	0	0	0	0	0	0	4	0	0	0	0	3	0	0	0	0	0	0	0	3	0	0	0	0	0	0	0	0	0	0	0	0	0	0	0	0	0	0	0	0	0	0	0	0	0	0	0	0	0	0	0	0	0	0	0	0	0	0	0	0	0	0	0	0	0	0
2017.51965050554	0	0	0	0	0	0	0	0	0	4	0	0	0	0	0	0	0	0	0	0	0	0	0	2	0	0	0	0	2	2	0	0	0	0	0	0	0	0	0	0	4	0	0	0	0	3	0	0	0	0	0	0	0	3	0	0	0	0	0	0	0	0	0	0	0	0	0	0	0	0	0	0	0	0	0	0	0	0	0	0	0	0	0	0	0	0	0	2	0	0	0	0	0	0	0	0	0	0	0	0
2017.55773601805	0	0	0	0	0	0	0	0	0	3	0	0	0	0	0	0	0	0	0	0	0	0	0	2	0	0	0	0	0	2	0	0	0	0	0	0	0	0	0	0	3	0	0	0	0	0	0	0	0	0	0	0	0	3	0	0	0	0	0	0	0	0	0	0	0	0	0	0	0	0	0	0	0	0	0	0	0	0	0	0	0	2	0	0	0	0	0	2	0	0	0	0	0	0	0	0	0	0	0	0
2017.59582153055	0	0	0	0	0	0	0	0	0	3	0	0	0	0	0	0	0	0	0	0	0	0	0	2	0	0	0	0	0	2	0	0	0	0	0	0	0	0	0	0	3	0	0	0	0	0	0	0	0	0	0	0	0	0	0	0	0	0	0	0	0	0	0	0	0	0	0	0	0	0	0	0	0	0	0	0	0	0	0	0	0	2	0	0	0	0	0	2	0	0	0	0	0	0	0	0	0	0	0	0
2017.63390704305	0	0	0	0	0	0	0	0	0	0	0	0	0	0	0	0	0	0	0	0	0	0	0	2	0	0	0	0	0	2	0	0	0	0	0	0	0	0	0	0	0	0	0	0	0	0	0	0	0	0	0	0	0	0	0	0	0	0	0	0	0	0	0	0	0	0	0	0	0	0	0	0	0	0	0	0	0	0	0	0	0	2	0	0	0	0	0	2	0	0	0	0	0	0	0	0	0	0	0	0
2017.67199255556	0	0	0	0	0	0	0	0	0	0	0	0	0	0	0	0	0	0	0	0	0	0	0	0	0	0	0	0	0	0	0	0	0	0	0	0	0	0	0	0	0	0	0	0	0	0	0	0	0	0	0	0	0	0	0	0	0	0	0	0	0	0	0	0	0	0	0	0	0	0	0	0	0	0	0	0	0	0	0	0	0	2	0	0	0	0	0	0	0	0	0	0	0	0	0	0	0	0	0	0
2017.71007806806	0	0	0	0	0	0	0	0	0	0	0	0	0	0	0	0	0	0	0	0	0	0	0	0	0	0	0	0	0	3	0	0	0	0	0	0	0	0	0	0	0	0	0	0	0	0	0	0	0	0	0	0	0	0	0	0	0	0	0	0	0	0	0	0	0	0	0	0	0	0	0	0	0	0	0	0	0	0	0	0	0	0	0	0	0	0	0	0	0	0	2	0	0	0	2	0	0	0	0	0
2017.74816358056	0	0	0	0	0	0	0	0	0	0	0	0	0	0	0	0	0	0	0	0	0	0	0	0	0	0	0	0	0	3	0	0	0	0	0	0	0	0	0	0	0	0	0	0	0	0	0	0	0	0	0	0	0	0	0	0	0	0	0	0	0	0	0	0	0	0	0	0	0	0	0	0	0	0	0	0	0	0	0	0	0	0	0	0	0	0	0	0	0	0	2	0	0	0	2	0	0	0	0	0
2017.78624909307	0	0	0	0	0	0	0	0	0	0	0	0	0	0	0	0	0	0	0	0	0	0	0	0	0	0	0	0	0	3	0	0	0	0	0	0	0	0	0	0	0	0	0	0	0	0	0	0	0	0	0	0	0	0	0	0	0	0	0	0	0	0	2	0	0	0	0	0	0	0	0	0	0	0	0	0	0	0	0	0	0	0	0	0	0	0	0	0	0	0	2	0	0	0	2	0	0	0	0	0
2017.82433460557	0	0	0	0	0	0	0	0	0	0	0	0	0	0	0	0	2	0	0	0	0	0	0	0	0	0	0	0	0	3	0	0	0	0	0	0	0	0	0	0	0	0	0	0	0	0	0	0	0	0	0	0	0	0	0	0	0	0	0	0	0	0	2	0	0	2	0	0	0	0	0	0	0	0	0	0	0	0	0	0	0	0	0	0	0	0	0	0	0	0	2	0	0	0	2	0	0	0	0	0
2017.86242011808	0	0	0	0	0	0	0	0	0	0	0	0	0	0	0	0	2	0	0	0	0	0	0	0	0	0	0	0	0	3	0	0	0	0	0	0	0	0	0	0	0	0	0	0	0	0	0	0	0	0	2	0	0	0	0	0	0	0	0	0	0	0	2	0	0	2	0	0	0	0	0	0	0	0	0	0	0	0	0	0	0	0	0	0	0	0	0	0	0	0	2	0	0	0	2	0	0	0	0	0
2017.90050563058	0	0	0	0	0	0	0	2	0	0	0	0	0	0	0	0	4	0	0	0	0	0	0	0	0	0	0	2	0	0	0	0	0	0	0	0	0	0	0	0	0	0	0	0	0	0	0	0	0	0	2	0	0	0	0	0	0	0	0	0	0	0	2	0	0	4	0	0	0	0	0	0	0	0	0	0	0	0	0	0	0	0	0	0	0	0	0	0	0	0	0	0	0	0	0	0	0	0	0	0
2017.93859114308	0	0	0	0	0	0	0	2	0	0	0	0	0	0	0	0	4	0	0	0	0	0	0	0	0	0	0	2	0	0	0	0	0	0	0	0	0	0	0	0	0	0	0	0	0	0	0	0	0	0	2	0	0	0	0	0	0	0	0	0	0	0	0	0	0	4	0	0	0	0	0	0	0	0	0	0	0	0	0	0	0	0	0	0	0	0	0	0	0	0	0	0	0	0	0	0	0	0	0	0
2017.97667665559	0	0	0	0	0	0	0	2	0	0	0	0	0	0	0	0	4	0	0	0	0	0	0	0	0	0	0	2	0	0	0	0	0	0	0	0	0	0	0	0	0	0	0	0	0	0	0	0	0	0	2	0	0	0	0	0	0	0	0	0	0	0	0	0	0	4	0	0	0	0	0	0	0	0	0	0	0	0	0	2	0	0	0	0	0	0	0	0	0	0	0	0	0	0	0	0	0	0	0	0
2018.01476216809	0	0	0	0	0	0	0	2	0	0	0	0	0	0	0	0	3	0	0	0	0	0	0	0	0	0	0	2	0	0	0	0	0	0	0	0	0	0	0	0	0	0	0	0	0	0	0	0	0	0	2	0	0	0	0	0	0	0	0	0	0	0	0	0	0	3	0	0	0	0	0	0	0	0	0	0	0	0	0	2	0	0	0	0	0	0	0	0	0	0	0	0	0	0	0	0	0	0	0	0
2018.0528476806	0	0	0	0	0	0	0	2	0	0	0	0	0	0	0	0	3	0	0	0	0	0	0	0	0	0	0	0	0	0	0	0	0	0	0	0	0	0	0	0	0	0	0	0	0	0	0	0	0	0	0	0	0	0	0	0	0	0	0	0	0	0	3	0	0	3	0	0	0	0	0	0	0	0	0	0	0	0	0	2	0	0	0	0	0	0	0	0	0	0	0	0	0	0	0	0	0	0	0	0
2018.0909331931	0	0	0	0	0	0	0	0	0	0	0	0	0	0	0	0	0	0	0	0	0	0	0	0	0	0	0	0	0	0	0	0	0	0	0	0	0	0	0	0	0	0	0	0	0	0	0	0	0	0	0	0	0	0	0	0	0	0	0	0	0	0	3	0	0	0	0	0	0	0	0	0	0	0	0	0	2	0	0	2	0	0	0	0	0	0	0	0	0	0	0	0	0	0	0	0	0	0	0	0
2018.1290187056	0	0	0	0	0	0	2	0	0	0	0	0	0	0	0	0	0	0	0	0	0	0	0	0	0	0	0	0	0	0	0	0	0	2	0	0	0	0	0	0	0	0	0	0	0	0	0	0	0	0	0	0	0	0	0	0	0	0	0	0	0	0	3	0	0	0	0	0	0	0	0	0	0	0	0	0	2	0	0	0	0	0	0	0	0	0	0	0	0	0	0	0	0	0	0	0	0	0	0	0
2018.16710421811	0	0	0	0	0	0	2	0	0	0	0	0	0	2	0	0	0	0	0	0	0	0	0	0	0	0	0	0	0	0	0	0	0	2	0	0	0	0	0	0	0	0	0	0	0	0	0	0	0	0	0	0	0	0	0	0	0	0	0	0	0	0	3	0	0	0	0	0	0	0	0	0	0	0	0	2	2	0	0	3	0	0	0	0	0	0	0	0	0	0	0	0	0	0	0	0	0	0	0	0
2018.20518973061	0	0	0	0	0	0	2	0	0	0	0	0	0	2	0	0	0	0	0	0	0	0	0	0	0	0	0	0	0	0	0	0	0	2	0	0	0	0	0	0	0	0	0	0	0	0	0	0	0	0	0	0	0	0	0	0	0	0	0	0	0	0	0	0	0	0	0	0	0	0	0	0	0	0	0	2	2	0	0	3	0	0	0	0	0	0	0	0	0	0	0	0	0	0	0	0	0	0	0	0
2018.24327524312	0	0	0	0	0	0	2	0	0	0	0	0	0	2	0	0	0	0	0	0	2	0	0	0	0	0	0	0	0	0	0	0	0	2	0	0	0	0	0	0	0	0	0	2	0	0	0	0	0	0	0	0	0	0	0	0	0	0	0	0	0	0	0	0	0	0	0	0	0	0	0	0	0	0	0	2	0	0	0	3	0	0	0	0	0	0	0	0	0	2	0	0	0	0	0	0	0	0	0	0
2018.28136075562	0	0	0	0	0	0	0	0	0	0	0	0	0	2	0	0	0	0	0	0	2	0	0	0	0	0	0	0	0	0	0	0	0	0	0	0	0	0	0	0	0	0	0	2	0	0	0	0	0	0	0	0	0	0	0	0	0	0	0	0	0	0	0	0	0	0	0	0	0	0	0	0	0	0	0	2	0	0	0	3	0	0	0	0	0	0	0	0	0	2	0	0	0	0	0	0	2	2	0	0
2018.31944626812	0	0	0	0	0	0	0	0	0	0	0	0	0	0	0	0	0	0	0	0	2	0	0	0	0	0	0	0	0	0	0	0	0	0	0	0	0	0	0	0	0	0	0	2	0	0	0	0	0	0	0	0	0	0	0	0	0	0	0	0	0	0	0	0	0	0	0	0	0	0	0	0	0	0	0	0	0	0	0	0	0	0	0	0	0	0	0	0	0	2	0	0	0	0	0	0	2	2	0	0
2018.35753178063	0	0	0	0	0	0	0	0	0	0	0	0	0	0	0	0	0	0	0	0	2	0	0	0	0	0	0	0	0	0	0	0	0	0	0	0	2	0	0	0	0	0	0	2	0	0	0	0	0	0	0	0	0	0	0	0	0	0	0	0	0	0	0	0	0	0	0	0	0	0	0	0	0	0	0	0	0	0	0	0	0	0	0	0	0	0	0	0	0	2	0	0	0	0	0	0	2	4	0	0
2018.39561729313	0	0	0	0	0	0	0	0	0	0	0	0	0	0	0	0	0	0	0	0	4	0	0	0	0	0	0	0	0	0	0	0	0	0	0	0	2	0	0	0	0	0	0	2	0	0	0	0	0	0	0	0	2	0	0	0	0	0	0	0	0	0	0	0	0	0	0	0	0	0	0	0	0	0	0	0	0	0	0	0	0	0	0	0	0	0	0	0	0	2	0	0	0	0	0	0	2	4	0	0
2018.43370280564	0	0	0	0	0	0	0	0	0	0	0	0	0	0	0	0	0	0	0	0	3	0	0	0	0	2	0	0	0	0	0	0	0	0	0	0	2	0	0	0	0	0	0	0	0	0	0	0	0	0	0	0	2	0	0	0	0	0	0	0	0	0	0	0	0	0	0	0	0	0	0	0	0	0	0	0	0	2	0	0	0	0	0	0	0	0	0	0	0	0	0	0	0	0	0	0	0	3	0	0
2018.47178831814	0	0	0	0	0	0	0	0	0	0	0	0	2	0	0	0	0	0	0	0	3	0	0	0	0	4	0	3	0	0	0	0	0	0	0	0	2	0	0	0	0	0	0	0	0	0	0	0	0	0	0	0	2	0	0	0	0	0	0	0	0	0	0	0	0	0	0	0	0	0	0	0	0	0	0	0	0	2	0	0	0	0	0	0	0	0	0	0	0	0	0	0	0	0	0	0	0	3	0	0
2018.50987383064	0	0	0	0	0	0	0	0	0	0	0	0	2	0	0	0	0	0	0	0	3	0	0	0	0	4	0	3	0	0	0	0	0	0	0	0	2	0	0	0	0	0	0	0	0	0	0	0	0	0	0	0	2	0	0	0	0	0	0	0	0	0	0	0	0	0	0	0	0	0	0	0	0	0	0	0	0	4	0	0	0	0	0	0	0	0	0	0	0	0	0	0	0	0	0	0	0	0	0	0
2018.54795934315	2	0	0	0	2	0	0	0	0	0	0	0	2	0	0	0	0	0	0	0	3	0	0	0	0	4	0	3	0	0	0	0	2	0	0	0	0	0	0	0	0	0	0	0	0	0	0	0	0	0	0	0	2	0	0	0	0	0	0	0	0	0	0	0	0	0	0	0	0	0	0	0	2	0	0	0	0	4	0	0	0	0	0	0	0	0	0	0	0	0	0	0	0	0	0	0	0	0	0	0
2018.58604485565	2	0	0	0	2	0	0	0	0	0	0	0	2	0	0	0	0	0	0	0	0	0	0	0	0	4	0	3	0	0	0	0	2	0	0	0	0	0	0	0	0	0	0	0	0	0	0	0	0	2	3	0	0	0	0	0	0	0	0	0	0	0	0	0	0	0	0	0	0	0	0	0	4	0	0	0	0	3	2	0	0	0	0	0	0	0	0	0	0	0	0	0	0	0	0	0	0	0	0	0
2018.62413036816	2	0	0	0	2	0	0	0	0	0	0	0	0	0	0	0	0	0	0	0	0	0	0	0	0	0	0	0	0	0	0	0	2	0	0	0	0	0	0	0	0	0	0	0	0	0	0	0	0	2	3	0	0	0	0	0	0	0	0	0	0	0	0	0	0	0	0	0	0	0	0	0	4	0	0	0	0	3	2	0	0	0	0	0	0	0	0	0	0	0	0	0	0	0	0	0	0	0	0	0
2018.66221588066	2	0	0	0	2	0	0	0	0	0	0	0	0	3	0	0	0	0	0	0	0	0	0	0	0	0	0	0	0	0	0	0	2	0	2	0	0	0	0	0	0	0	0	3	0	0	0	0	0	2	3	0	0	0	0	0	0	0	0	0	0	0	0	0	0	0	0	0	0	0	0	0	4	0	0	0	0	3	2	0	0	0	0	0	0	0	0	0	0	0	0	0	0	0	0	0	0	0	0	0
2018.70030139316	2	0	2	0	2	0	0	0	0	0	0	0	0	3	0	2	0	0	0	0	0	0	0	0	0	0	0	0	0	0	0	0	2	0	2	0	0	0	0	0	0	0	0	3	0	0	0	0	0	2	3	2	0	0	0	0	0	0	0	0	0	0	0	0	0	0	0	0	0	0	0	0	3	0	0	0	0	0	2	0	0	0	0	0	0	0	0	0	0	0	0	0	0	0	0	0	0	0	0	0
2018.73838690567	3	0	2	0	0	0	0	0	0	0	0	0	0	3	0	2	0	0	0	0	0	0	0	0	0	0	0	0	0	0	0	0	0	0	2	0	0	0	0	0	0	0	0	3	0	0	0	0	0	2	3	2	0	0	0	0	0	0	0	0	0	0	0	0	0	0	0	0	0	0	0	0	0	0	0	0	0	0	0	0	0	0	0	0	0	0	0	0	2	0	0	0	0	0	0	0	0	0	0	0
2018.77647241817	3	0	4	0	0	0	0	3	0	0	0	0	0	3	0	2	0	0	0	0	0	0	0	0	0	0	0	0	0	0	0	0	0	0	2	0	0	0	0	0	0	0	0	3	0	0	0	0	0	0	0	2	0	0	0	0	0	0	0	0	0	0	0	0	0	0	0	0	0	0	0	0	0	0	0	0	0	0	0	0	0	0	0	0	0	0	0	0	4	0	0	0	0	0	0	0	0	0	0	0
2018.81455793068	3	0	4	0	0	0	0	3	0	0	0	0	0	0	0	2	0	2	0	0	0	0	0	0	0	0	0	0	0	0	0	0	0	0	0	0	0	0	0	0	0	0	0	3	0	0	0	0	0	0	0	2	0	0	0	0	0	0	0	0	0	0	0	0	0	0	0	0	0	0	0	0	0	0	0	0	0	0	0	0	0	0	0	0	0	2	0	0	4	0	0	0	0	0	0	0	0	0	0	0
2018.85264344318	3	0	4	0	0	0	0	3	0	0	0	0	3	0	0	0	0	2	0	0	0	0	0	0	0	0	0	0	0	0	0	0	0	0	0	0	0	0	0	0	0	0	0	0	0	0	0	0	0	0	0	2	0	0	0	0	0	0	0	0	0	0	0	0	0	0	0	0	0	0	0	0	0	0	0	0	0	0	0	0	0	0	0	0	0	2	0	0	4	0	0	0	0	0	0	0	0	0	0	0
2018.89072895568	0	0	3	0	0	0	0	3	0	0	0	0	3	0	0	0	0	2	0	0	0	2	0	0	0	0	0	0	0	0	0	0	0	0	0	0	0	0	0	0	0	0	0	0	0	0	0	0	0	0	0	0	0	0	0	0	0	0	0	0	0	0	0	0	0	0	0	0	0	0	0	0	0	0	0	0	0	0	0	0	0	0	0	0	0	2	0	0	3	0	0	0	0	0	0	0	0	0	0	0
2018.92881446819	0	0	0	0	0	0	0	0	0	0	0	0	3	0	0	3	0	2	0	0	0	2	0	0	0	0	0	0	0	0	0	0	0	0	0	0	0	0	0	0	0	0	0	0	0	0	0	0	0	0	0	0	0	0	0	0	0	0	0	0	0	0	0	0	0	0	0	0	2	0	0	0	0	0	0	0	0	0	0	0	0	0	0	0	0	2	0	0	0	0	0	0	0	0	0	0	0	0	0	0
2018.96689998069	0	0	0	0	0	0	0	0	0	0	0	0	3	0	4	3	0	0	0	0	0	2	0	0	0	0	0	0	0	0	0	0	0	0	0	0	3	0	0	0	0	0	0	0	0	0	0	0	0	0	0	0	0	0	0	0	0	0	0	0	0	0	0	0	0	0	0	0	4	0	0	0	0	0	2	0	0	0	0	0	0	0	0	0	0	0	0	0	0	0	0	0	0	0	0	0	0	0	4	0
2019.0049854932	0	0	0	0	0	0	0	0	0	0	0	0	3	0	4	3	0	0	0	0	0	4	0	0	2	0	0	0	0	0	0	0	0	0	0	0	3	0	0	0	0	0	0	0	0	0	0	0	0	0	0	0	0	0	0	0	0	0	0	0	0	0	0	0	0	0	0	0	4	0	0	0	0	0	2	0	0	0	0	0	0	0	0	0	0	0	0	0	0	0	0	2	0	0	0	0	0	0	4	0
2019.0430710057	0	0	0	0	0	0	0	0	0	0	0	0	0	0	4	3	0	0	0	0	0	3	0	0	2	0	0	0	0	0	0	0	0	0	0	2	3	0	0	0	0	0	0	0	0	0	2	0	2	0	0	0	0	0	0	0	0	0	0	0	0	0	0	0	0	0	0	0	4	2	0	0	0	0	2	0	0	0	0	0	0	0	0	0	0	0	0	0	0	0	0	2	0	0	0	0	0	0	4	0
2019.0811565182	0	0	0	0	0	0	0	0	0	0	0	0	0	0	4	0	0	0	0	2	0	3	0	0	2	0	0	0	0	0	0	0	0	0	0	4	3	0	0	0	0	0	0	0	0	0	2	0	2	0	0	0	0	0	0	0	0	0	0	0	0	0	0	0	0	0	0	0	3	2	0	0	0	0	2	0	0	0	0	0	0	0	0	0	0	0	0	0	0	0	0	2	0	0	0	0	0	0	4	0
2019.11924203071	0	0	0	0	0	0	0	0	0	0	0	0	0	0	4	0	0	0	0	2	0	3	2	0	2	0	0	0	0	0	2	0	0	0	0	4	3	0	0	0	0	0	2	0	0	0	2	0	2	0	0	0	0	0	0	0	0	0	0	0	0	0	0	0	0	0	0	0	0	4	0	0	0	0	2	0	0	0	0	0	0	0	0	0	0	0	0	0	0	0	0	2	0	0	0	0	0	0	0	0
2019.15732754321	0	0	0	0	0	0	0	0	0	0	0	0	0	0	0	0	0	0	0	2	0	0	2	0	2	0	0	0	0	0	2	0	0	0	0	4	0	0	0	0	0	0	2	0	0	0	2	0	2	0	0	0	0	0	0	0	0	0	0	0	0	0	0	0	0	0	0	0	0	4	0	0	0	0	0	0	0	0	0	0	0	0	0	0	2	0	0	0	0	0	0	2	0	0	0	0	0	0	0	0
2019.19541305571	0	0	0	0	0	0	0	0	0	0	0	0	0	0	0	0	0	0	0	2	0	0	2	0	0	0	0	0	0	0	2	0	0	0	0	3	0	0	0	0	0	0	2	0	0	0	0	0	0	0	0	0	0	0	0	0	0	0	0	0	0	0	0	0	0	0	0	0	0	3	0	0	0	0	0	0	0	0	0	0	0	0	0	0	2	0	0	0	0	0	0	0	0	0	0	0	0	0	0	0
2019.23349856822	0	0	0	2	0	0	0	0	0	0	0	0	0	0	0	0	0	0	0	2	0	0	2	0	0	0	0	0	0	0	2	0	0	0	0	0	0	0	2	0	0	0	2	0	0	0	0	0	0	0	0	0	0	0	0	0	0	0	0	0	0	0	0	0	0	0	0	0	0	3	0	0	0	0	0	0	0	0	0	0	0	0	0	0	2	0	0	0	0	0	0	0	0	0	3	0	0	0	0	0
2019.27158408072	0	0	0	2	0	2	0	0	0	0	0	0	0	0	0	0	0	0	0	0	0	0	0	0	0	0	0	0	0	0	2	0	0	0	0	0	0	0	2	0	0	0	2	0	0	0	0	0	0	0	0	0	0	0	0	0	0	0	0	0	0	0	0	0	0	0	0	0	0	0	0	0	0	0	0	0	0	0	0	0	0	0	0	0	2	0	0	0	0	0	0	0	0	0	3	0	0	0	0	0
2019.30966959323	0	0	0	2	3	2	0	0	0	0	0	0	0	0	0	0	0	0	2	0	0	0	0	0	0	0	0	0	0	0	0	0	3	0	0	0	0	0	2	0	0	0	0	0	0	0	0	0	0	0	0	0	0	0	0	0	0	0	0	0	0	0	0	0	0	0	0	0	0	0	2	0	0	0	0	0	0	0	0	0	0	0	0	0	0	0	0	0	0	0	0	0	2	0	3	0	0	0	0	0
2019.34775510573	0	0	0	2	3	2	0	0	0	0	0	0	0	0	0	0	0	0	2	0	0	0	0	0	0	0	0	0	0	0	0	0	3	0	0	0	0	0	2	0	0	0	0	0	0	0	0	0	0	0	0	0	0	0	0	0	0	0	0	0	0	0	0	0	0	0	0	0	0	0	2	0	0	0	0	0	0	0	0	0	0	0	0	0	3	0	0	0	0	0	0	0	2	0	3	0	0	0	0	0
2019.38584061823	0	0	0	2	3	2	0	0	0	0	2	0	0	0	0	0	0	0	2	0	0	0	0	0	0	0	0	0	0	0	0	0	3	0	3	0	0	0	2	0	0	0	0	0	0	0	0	0	0	0	0	0	0	0	0	0	0	0	0	0	0	0	0	2	0	0	0	0	0	0	2	0	0	0	0	0	0	0	0	0	0	0	0	2	3	0	0	0	0	0	0	0	2	0	3	0	0	0	0	0
2019.42392613074	0	0	0	0	3	0	0	0	0	0	2	0	0	0	0	0	0	0	2	0	0	0	0	0	0	0	0	0	0	0	0	2	3	0	3	0	0	0	0	0	0	0	0	0	0	0	0	0	0	0	0	0	0	0	0	2	0	0	0	0	0	0	0	2	0	0	0	0	0	0	2	0	0	4	0	0	0	0	0	0	0	0	0	2	3	0	0	3	0	0	0	0	2	0	0	0	0	0	0	0
2019.46201164324	0	0	0	0	0	0	0	0	0	0	2	0	0	0	0	0	0	0	2	0	0	0	0	0	0	0	0	0	0	0	0	2	0	0	3	0	0	0	0	0	0	0	0	0	0	0	0	0	0	0	0	0	0	0	0	2	0	0	0	0	0	0	0	2	0	0	2	2	0	0	2	0	0	4	0	0	0	0	0	0	0	0	0	2	3	0	0	3	0	0	0	0	0	0	0	0	0	0	0	0
2019.50009715575	0	0	0	0	0	0	0	0	0	0	2	0	0	0	0	0	0	0	0	0	0	0	0	0	0	0	0	0	0	0	0	2	0	0	3	0	0	0	0	0	0	0	0	0	0	0	0	0	0	0	0	0	0	0	0	2	0	0	0	0	0	0	0	2	0	0	2	2	0	0	0	0	0	4	0	0	0	0	0	0	0	0	0	4	3	0	0	3	0	0	0	0	0	0	0	0	0	0	0	0
2019.53818266825	0	0	0	0	0	0	0	0	0	0	2	0	0	0	0	0	0	0	0	0	0	0	0	0	0	0	0	0	0	0	0	2	0	0	0	0	0	0	0	0	0	0	0	0	0	0	0	0	0	0	0	0	0	0	0	4	0	0	0	0	0	0	0	2	0	0	2	2	0	0	0	0	0	4	0	0	0	0	0	0	0	0	0	3	0	0	0	3	0	0	0	0	3	0	0	0	0	0	0	0
2019.57626818075	0	0	0	0	0	0	0	0	0	0	0	0	0	0	0	0	0	0	0	0	0	0	0	0	0	0	0	0	0	0	0	0	0	0	0	0	0	0	0	0	0	0	0	0	0	0	0	0	0	0	0	0	0	0	0	4	0	0	0	0	0	0	0	0	0	0	2	2	0	0	0	0	0	0	0	0	0	0	0	0	0	0	0	3	0	0	0	0	0	0	0	0	3	0	0	0	0	0	0	0
2019.61435369326	0	0	0	0	0	0	0	0	0	0	0	0	0	0	0	0	0	0	0	0	0	0	0	0	0	0	0	0	0	0	0	0	0	0	0	0	0	0	0	0	0	0	0	0	0	0	0	0	0	0	0	0	3	0	0	3	0	0	0	0	0	0	0	0	0	0	2	2	0	0	0	0	0	0	0	0	0	0	0	0	0	0	0	3	0	0	0	0	0	0	0	0	3	0	0	0	0	0	0	0
2019.65243920576	0	0	0	3	0	0	0	0	0	0	0	2	0	0	0	0	0	0	0	0	0	0	0	0	0	0	0	0	0	0	0	0	0	0	0	0	0	0	0	0	0	2	0	0	0	0	0	0	0	0	0	0	3	0	0	3	0	0	0	0	0	0	0	0	0	0	0	0	0	0	0	0	0	0	0	0	0	0	0	0	0	0	0	3	0	0	0	0	0	0	0	0	3	0	0	2	0	0	0	0
2019.69052471827	0	0	0	3	0	0	0	0	0	0	0	2	0	0	0	0	0	0	0	0	0	0	0	0	0	0	0	0	0	0	0	0	0	0	0	0	0	0	0	0	0	2	0	0	0	0	0	0	0	0	0	0	3	0	0	0	0	0	0	0	0	0	0	0	0	0	0	0	0	0	0	0	0	0	0	0	0	0	0	0	0	0	0	0	0	0	0	0	0	0	0	0	0	0	0	2	0	0	0	0
2019.72861023077	0	0	0	3	0	0	0	0	0	0	0	2	0	0	0	0	0	0	0	0	0	0	0	0	0	0	0	0	0	0	0	0	0	0	0	0	0	0	3	2	0	2	0	0	0	0	0	0	0	0	0	0	3	0	0	0	0	0	0	0	0	0	0	0	0	0	0	0	0	0	0	0	0	0	0	0	0	0	0	0	0	0	0	0	0	0	0	0	0	0	0	0	0	2	0	2	0	0	0	0
2019.76669574327	0	0	0	3	0	0	0	0	0	0	0	2	0	0	0	0	0	0	0	0	0	0	0	0	0	0	0	0	0	0	0	0	0	0	0	0	0	0	3	2	0	2	0	0	0	0	0	0	0	0	0	0	3	0	0	0	0	0	0	0	0	0	0	0	0	0	0	0	0	0	0	0	0	0	0	0	0	0	0	0	0	0	0	0	0	0	0	0	0	0	0	0	0	2	0	2	0	0	0	0
2019.80478125578	0	0	0	0	0	0	0	0	0	0	0	0	0	0	0	0	0	0	3	0	0	0	0	0	0	0	0	0	0	0	0	0	0	0	0	0	0	0	3	2	0	0	0	0	0	0	0	0	0	0	0	0	0	0	0	0	0	0	0	2	0	0	0	0	0	0	0	0	0	0	0	2	0	0	0	0	0	0	0	0	0	0	0	0	0	0	0	0	0	0	0	0	0	2	0	0	0	0	0	0
2019.84286676828	0	0	0	0	0	0	0	0	0	0	0	0	0	0	0	0	0	0	3	0	0	0	3	0	0	0	0	0	0	0	0	0	0	0	0	0	0	0	3	2	0	0	0	0	0	0	0	0	0	0	0	0	0	0	0	0	0	0	0	2	0	0	0	0	0	0	0	0	0	0	0	2	0	0	0	0	0	0	0	0	0	0	0	0	0	0	0	0	0	0	0	0	0	2	0	0	0	0	0	0
2019.88095228079	0	0	0	0	0	0	0	0	0	0	0	0	0	0	0	0	0	0	3	0	0	0	3	0	0	0	0	0	0	0	0	0	0	0	0	0	0	0	3	3	0	0	0	0	0	0	0	0	0	0	0	0	0	0	0	0	0	0	0	2	0	4	0	0	0	0	0	0	0	0	0	2	0	0	0	0	0	0	0	0	2	0	0	0	0	0	0	0	0	0	0	0	0	2	0	0	0	0	0	2
2019.91903779329	0	0	0	0	0	0	0	0	0	0	0	0	0	0	0	0	0	0	3	0	0	0	3	0	0	0	0	0	0	0	0	0	0	0	0	0	0	0	0	3	0	0	0	0	0	0	0	0	0	0	0	0	0	0	0	0	0	0	0	2	0	4	0	0	0	0	3	0	0	0	0	2	0	0	0	0	0	0	0	0	2	0	0	0	0	0	0	0	0	0	0	3	0	0	0	0	0	0	0	2
2019.95712330579	0	0	0	0	0	0	0	0	0	0	0	0	0	0	0	0	0	0	0	0	0	0	3	0	0	0	0	0	0	0	0	0	0	0	0	0	0	0	0	3	0	0	0	0	0	0	0	0	0	0	0	0	0	0	0	0	0	0	0	2	0	4	0	0	0	0	3	0	0	0	0	2	0	0	0	0	0	0	0	0	2	0	0	0	0	0	0	0	0	0	0	3	0	0	0	0	0	0	0	4
2019.9952088183	0	2	0	0	0	0	0	0	0	0	0	0	0	0	0	0	0	0	0	0	0	0	0	0	0	0	0	0	0	0	0	0	0	0	0	0	0	0	0	3	0	0	0	0	0	0	0	0	0	0	0	0	0	0	0	0	0	0	0	0	0	4	0	0	0	0	3	0	0	0	0	3	0	0	0	0	0	0	0	0	2	0	0	0	0	0	0	0	0	0	0	3	0	0	0	0	0	0	0	4
2020.0332943308	0	2	0	3	0	0	0	0	0	0	0	0	0	0	0	0	0	0	0	0	0	0	0	0	0	0	0	0	0	0	0	0	0	0	0	0	0	0	0	0	0	0	0	0	0	0	0	0	0	0	0	0	0	0	0	0	0	0	0	0	0	0	0	0	0	0	3	0	0	0	0	3	0	0	0	0	0	0	0	0	0	0	0	0	0	0	0	0	0	0	0	3	0	0	0	0	0	0	0	4
2020.07137984331	0	2	0	3	0	0	0	0	0	0	0	0	0	0	0	0	0	0	0	0	0	0	0	0	0	0	0	0	0	0	0	0	0	0	0	0	0	0	0	0	0	0	0	0	0	0	0	0	0	0	0	0	0	0	0	0	0	0	0	0	2	0	0	0	0	0	0	0	0	0	0	3	0	0	0	0	0	0	0	0	3	0	0	0	0	3	0	0	0	0	0	3	0	0	0	0	0	0	0	3
2020.10946535581	0	2	0	3	0	0	0	0	0	0	0	0	0	0	0	0	0	0	0	0	0	0	0	0	3	0	0	0	0	0	0	0	0	0	0	0	0	0	0	0	0	0	0	0	0	0	0	2	0	0	0	0	0	0	0	0	0	0	0	0	2	0	0	0	0	0	0	0	0	0	0	3	0	0	0	0	0	0	0	0	3	0	0	0	0	3	0	0	0	0	0	0	0	0	0	0	0	0	0	3
2020.14755086831	0	0	0	6	0	0	0	0	0	0	0	0	0	0	0	0	0	0	0	0	0	0	0	0	3	0	0	0	0	0	0	0	0	0	0	0	0	0	0	0	0	0	0	0	0	0	0	2	0	0	0	0	0	0	0	0	0	0	0	0	2	0	0	0	0	0	0	0	0	0	0	3	0	0	0	0	0	0	0	0	3	0	0	0	0	3	0	0	0	0	0	0	0	0	0	0	0	0	0	0
2020.18563638082	0	3	0	3	0	0	0	0	0	0	0	0	0	0	0	0	0	0	0	0	0	0	0	0	3	0	0	0	0	0	0	0	0	0	0	0	0	2	0	0	0	0	0	0	0	0	0	2	0	0	0	0	0	0	0	0	0	0	0	0	2	0	0	0	0	0	0	0	0	0	0	0	0	0	0	0	0	0	0	0	3	0	0	0	0	3	0	0	0	0	0	0	0	0	0	0	0	0	0	0
2020.22372189332	0	3	0	3	0	0	0	0	0	0	0	0	0	0	0	0	0	0	0	0	0	0	0	0	3	0	0	0	0	0	0	0	0	0	0	0	0	2	0	0	0	0	0	0	0	0	0	2	0	0	0	0	0	0	0	0	0	0	0	0	2	0	0	0	0	0	0	0	0	0	0	0	0	0	0	0	0	0	0	0	0	0	0	0	0	0	0	0	0	0	0	0	0	0	0	0	0	0	0	0
2020.26180740583	0	3	0	3	0	0	0	0	0	0	0	0	0	0	0	0	0	0	0	0	0	0	0	0	0	0	0	0	0	0	0	0	0	0	0	0	0	4	0	0	0	0	0	0	0	0	0	4	0	0	0	0	0	0	0	0	0	0	0	0	0	0	0	0	0	0	0	0	0	0	0	0	0	0	0	0	0	0	0	0	0	0	0	0	0	0	2	0	0	0	0	0	0	0	0	0	0	0	0	0
2020.29989291833	0	3	0	0	0	3	0	0	0	0	0	0	0	0	0	0	0	0	0	0	0	0	0	0	0	0	0	0	0	0	0	3	0	0	0	0	0	4	0	0	0	0	0	0	0	0	0	3	0	0	0	0	0	0	0	0	0	2	0	3	0	0	0	0	0	0	0	0	0	0	0	0	0	0	0	3	0	0	0	0	0	0	0	3	0	0	2	0	0	0	0	0	0	0	0	0	0	0	0	0
2020.33797843083	0	3	0	0	0	3	0	0	0	0	0	0	0	0	0	0	0	0	0	0	0	0	0	0	0	0	0	0	0	0	0	3	0	0	0	0	0	3	0	0	0	0	0	0	0	0	0	3	0	0	0	0	0	0	0	0	0	2	0	3	0	0	0	0	0	0	0	0	0	0	0	0	0	0	0	3	0	0	0	0	0	0	2	3	0	0	2	0	0	0	0	0	0	0	0	0	0	0	0	0
2020.37606394334	0	0	0	0	0	3	0	0	0	0	0	0	0	0	0	0	0	0	0	0	0	0	0	0	0	0	0	0	0	0	0	3	0	0	0	0	0	3	0	0	0	0	0	0	0	0	0	3	0	0	0	0	0	0	0	0	0	2	0	3	0	0	0	0	0	0	0	0	0	0	0	0	0	0	0	3	0	0	3	0	0	0	2	3	0	0	2	0	0	0	0	0	0	0	0	0	0	0	0	0
2020.41414945584	0	0	0	0	0	3	0	0	0	0	0	0	0	0	0	0	0	0	0	0	0	0	0	0	0	0	0	0	0	0	0	3	0	0	0	0	0	0	0	0	0	0	0	0	0	0	0	3	0	0	0	0	0	0	0	0	0	2	0	3	0	0	0	0	2	0	0	0	0	0	0	0	0	0	0	3	0	0	3	0	0	0	2	3	0	0	2	0	0	0	0	0	0	0	0	0	0	0	0	0
2020.45223496835	0	0	0	0	0	0	0	0	0	0	0	0	0	0	0	0	0	0	0	0	0	0	0	0	0	0	0	0	0	0	0	0	0	0	0	0	0	0	0	0	0	0	0	0	0	0	0	0	0	0	0	0	0	0	0	0	0	0	0	3	0	0	0	0	2	0	0	0	0	0	0	0	0	0	0	0	0	0	3	0	0	0	2	0	0	0	0	0	0	0	0	0	0	0	0	0	0	0	0	0
2020.49032048085	0	0	0	0	0	0	0	0	0	0	0	0	0	0	0	0	0	0	0	0	0	0	0	0	0	0	0	0	0	0	0	0	0	0	0	0	0	0	0	0	0	0	0	0	0	0	0	0	0	0	0	0	0	0	0	0	0	0	0	0	0	0	0	0	2	0	0	0	0	0	0	0	0	0	0	0	0	0	3	0	0	0	2	0	0	0	0	0	0	0	0	0	0	0	0	0	0	0	0	0
2020.52840599335	0	0	0	0	0	0	0	0	0	0	0	0	0	0	0	0	0	0	0	0	0	0	0	0	0	0	0	0	0	0	0	0	0	0	0	0	0	0	0	0	0	0	0	0	0	0	0	0	0	0	0	0	0	0	0	0	0	0	0	0	0	0	0	0	2	0	0	0	0	0	0	0	0	0	0	0	0	0	3	0	0	0	0	0	0	0	0	0	0	0	0	0	0	0	0	0	0	0	0	0
2020.56649150586	0	0	0	0	0	0	3	0	0	0	0	0	0	0	0	0	0	0	0	0	0	0	0	0	0	0	0	0	0	0	0	0	0	0	0	0	3	0	0	0	0	0	0	0	0	0	0	0	0	0	0	0	0	0	0	0	0	0	0	0	0	0	0	0	0	0	0	0	0	0	0	0	0	0	0	0	0	0	0	0	0	0	0	0	0	0	0	0	0	0	0	0	0	0	0	0	0	0	0	0
2020.60457701836	0	0	0	0	0	0	3	0	0	0	0	0	0	0	0	0	0	0	0	0	0	0	0	0	0	0	0	0	0	0	0	0	0	0	0	0	3	0	0	0	0	0	0	0	0	0	3	0	0	0	0	0	0	0	0	0	0	0	0	0	0	0	0	0	0	0	0	0	0	0	0	0	0	0	0	0	0	0	0	0	0	0	0	0	0	0	0	0	0	0	0	0	0	0	0	0	0	0	0	0
2020.64266253086	0	0	0	0	0	0	3	0	2	0	0	0	0	0	0	0	0	0	0	0	0	0	0	0	0	0	0	0	0	0	0	0	0	0	0	0	3	0	0	0	0	0	0	0	0	0	3	0	0	0	0	0	0	0	0	0	0	0	2	0	0	0	0	0	0	0	0	0	0	0	0	0	0	0	0	0	0	0	0	0	0	0	0	0	0	0	0	0	0	0	0	0	0	0	0	0	0	0	0	0
2020.68074804337	0	0	0	0	0	0	3	0	2	0	0	0	0	0	0	0	0	0	0	0	0	0	0	0	0	0	0	0	0	0	0	0	0	0	0	0	3	0	0	0	0	0	0	0	0	0	3	0	0	0	0	0	0	0	0	0	0	0	2	0	0	0	0	0	0	0	0	0	0	0	0	0	0	0	0	0	0	0	0	0	0	0	0	0	0	0	0	0	0	0	0	0	0	0	0	0	0	0	0	0
2020.71883355587	0	0	0	0	0	0	0	0	2	0	0	0	0	0	0	0	0	0	0	0	0	0	0	0	0	0	0	0	0	0	0	0	0	0	0	0	0	0	0	0	0	0	0	0	0	0	3	0	0	0	0	0	0	0	0	0	0	0	2	0	0	0	0	0	0	0	0	0	0	0	0	0	0	0	0	0	0	0	0	0	0	0	0	0	0	0	0	0	0	0	0	0	0	0	0	0	0	0	0	0
2020.75691906838	0	0	0	0	0	0	0	0	2	0	0	0	0	0	0	0	0	0	0	0	0	0	0	0	0	0	0	0	0	0	0	0	0	0	0	0	0	0	0	0	0	0	0	0	0	0	3	0	0	0	0	0	0	0	0	0	0	0	2	0	0	0	0	0	0	0	0	0	0	0	0	0	0	0	0	0	0	0	0	0	0	0	0	0	0	0	0	0	0	0	0	0	0	0	0	0	0	0	0	0
2020.79500458088	0	0	0	0	0	0	0	0	0	0	0	0	0	0	0	0	0	0	0	0	0	0	0	0	0	0	0	0	0	0	0	0	0	3	0	0	0	0	0	0	0	0	0	0	0	0	0	0	0	0	0	0	0	0	0	0	0	0	0	0	0	0	0	0	0	0	0	0	0	0	0	0	0	0	0	0	0	0	0	0	0	0	0	0	0	0	0	0	0	0	0	0	0	0	0	0	0	0	0	0
2020.83309009338	0	0	0	0	0	0	0	0	0	0	0	0	0	0	0	0	0	0	0	0	0	0	0	0	0	0	0	0	0	0	0	0	0	3	0	0	0	0	0	0	0	0	0	0	0	0	0	0	0	0	0	0	0	0	0	0	0	0	0	0	0	0	0	0	0	0	0	0	0	0	0	0	0	0	0	0	0	0	0	0	0	0	0	0	0	0	0	0	0	0	0	0	0	0	0	0	0	0	0	0
2020.87117560589	0	0	0	0	0	0	0	0	0	0	0	0	0	0	0	0	0	0	0	0	0	0	0	0	0	0	0	0	0	0	0	0	0	3	0	0	0	0	0	0	0	0	0	0	0	0	0	0	0	0	0	3	0	0	0	0	0	0	0	0	0	0	0	0	0	0	0	0	0	0	0	0	0	0	0	0	0	0	0	0	0	0	0	0	0	0	0	0	0	0	0	0	0	0	0	0	0	0	0	0
2020.90926111839	0	0	0	0	0	0	0	0	0	0	0	3	0	0	0	0	0	0	0	0	0	0	0	0	0	0	0	0	0	0	0	0	0	3	0	0	0	0	0	0	0	0	0	0	2	0	0	0	0	0	0	3	0	0	0	0	0	0	0	0	0	0	0	0	0	0	0	0	0	0	0	0	0	0	0	0	0	0	0	0	0	0	0	0	0	0	0	0	0	0	0	0	0	0	0	0	0	0	0	0
2020.9473466309	0	0	0	0	0	0	0	0	0	0	0	3	0	0	0	0	0	0	0	0	0	0	0	0	0	0	0	0	0	0	0	0	0	0	0	0	0	0	0	0	0	0	0	0	2	0	0	0	0	0	0	3	0	0	0	0	0	0	0	0	0	0	0	0	0	0	0	0	0	0	0	0	0	0	0	0	0	0	0	0	0	0	0	0	0	0	0	0	0	0	0	0	0	0	0	0	0	0	0	0
2020.9854321434	0	0	0	0	0	0	0	0	0	0	0	3	0	0	0	0	0	0	0	0	0	0	0	0	0	0	0	0	0	0	0	0	0	0	0	0	0	0	0	0	0	0	0	0	2	0	0	0	0	0	0	3	0	0	0	0	0	0	0	0	0	0	0	0	3	0	0	0	0	0	0	0	0	0	0	0	0	0	0	0	0	0	0	0	0	0	0	3	0	0	0	0	0	0	0	0	0	0	0	0
2021.0235176559	0	0	0	0	0	0	0	0	0	0	0	3	0	0	0	0	0	0	0	0	0	0	0	0	0	0	0	0	0	0	0	0	0	0	0	0	0	0	0	0	0	0	0	0	4	0	0	0	0	0	0	0	0	0	0	0	0	0	3	0	0	0	0	0	3	0	0	0	0	0	0	0	0	3	0	0	0	0	0	0	0	0	0	0	0	0	0	3	0	0	0	0	0	0	0	0	0	0	0	0
2021.06160316841	0	0	0	0	0	0	0	0	0	0	0	3	0	0	0	0	0	0	0	0	0	0	0	0	0	0	0	0	0	0	0	0	0	0	0	0	0	0	0	0	0	0	0	0	3	0	0	0	0	0	0	0	0	0	0	0	0	0	3	0	0	0	0	0	3	0	0	0	0	0	0	0	0	3	0	0	0	0	0	0	0	0	0	0	0	0	0	3	0	0	0	0	0	0	0	0	0	0	0	0
2021.09968868091	0	0	0	0	0	0	0	0	0	0	0	0	0	0	0	0	0	0	0	0	0	0	0	0	0	0	0	0	0	0	0	0	0	0	0	0	0	0	0	0	0	0	0	0	3	0	0	0	0	0	0	0	0	0	0	0	0	0	3	0	0	0	0	0	3	0	0	0	0	0	0	0	0	3	0	0	0	0	0	0	0	0	0	0	0	0	0	3	0	0	0	0	0	0	0	0	0	0	0	0
2021.13777419342	0	0	0	0	0	0	0	0	0	0	0	0	0	0	0	0	0	0	0	0	0	0	0	0	0	0	0	0	0	0	0	0	0	0	0	0	0	0	0	0	0	0	0	0	3	0	0	0	0	0	0	0	0	0	0	0	0	0	3	0	0	0	0	0	0	0	0	0	0	0	0	0	0	3	0	0	0	0	0	0	0	0	0	0	0	0	0	0	0	0	0	0	0	0	0	0	0	0	0	0
2021.17585970592	0	0	0	0	0	0	0	0	0	0	0	0	0	0	0	0	0	0	0	0	0	0	0	0	0	0	0	0	0	0	0	0	0	0	0	0	0	0	0	0	0	0	0	0	3	0	0	0	0	0	0	0	0	0	0	0	0	3	0	0	0	0	0	0	0	0	0	3	0	0	0	0	0	0	0	0	0	0	0	0	0	0	0	0	0	0	0	0	0	0	0	0	0	0	0	0	0	0	0	0
2021.21394521842	0	0	0	0	0	0	0	0	0	0	0	0	0	0	0	0	0	0	0	0	0	0	0	0	0	0	0	0	0	0	0	0	0	0	0	0	0	0	0	0	0	0	0	0	0	0	0	0	0	0	0	0	0	0	0	0	0	3	0	0	0	0	0	0	0	0	0	3	0	0	0	0	0	0	0	0	0	0	0	0	0	0	0	0	0	0	0	0	0	0	0	0	0	0	0	0	0	0	0	0
2021.25203073093	0	3	0	0	0	0	0	0	0	0	0	0	0	0	0	0	0	0	0	0	0	0	0	0	0	0	0	0	0	0	0	0	0	0	0	0	0	0	0	0	0	0	0	0	0	0	0	0	0	0	0	0	0	0	0	0	0	3	0	0	0	0	0	0	0	0	0	3	0	0	0	0	0	0	0	0	0	0	0	0	0	0	0	0	0	0	0	0	0	0	0	0	0	0	0	0	3	0	0	0
2021.29011624343	0	3	0	0	0	0	0	0	0	0	0	0	0	0	0	0	0	0	0	0	0	0	0	0	0	0	0	0	0	0	0	0	0	0	0	0	0	0	0	0	0	0	0	0	0	0	0	0	0	0	0	0	0	0	0	0	0	3	0	0	3	0	0	0	0	0	0	3	0	0	0	0	0	0	0	0	0	0	0	0	0	0	0	0	0	0	0	0	0	0	0	0	0	0	0	0	3	0	0	0
2021.32820175594	0	3	0	0	0	0	0	0	0	0	0	0	0	0	0	0	0	0	0	0	0	0	0	0	0	0	0	0	0	0	0	0	0	0	0	0	0	0	0	0	0	0	0	0	0	0	0	0	0	0	0	0	0	0	0	0	0	0	0	0	3	0	0	0	0	0	0	0	0	0	0	0	0	0	0	0	0	0	0	0	0	0	0	0	0	0	0	0	0	0	0	0	0	0	0	0	3	0	0	0
2021.36628726844	0	3	0	0	0	0	0	0	0	0	0	0	0	0	0	0	0	0	0	0	0	0	0	0	0	0	0	0	0	0	0	0	0	0	0	0	0	0	0	0	0	0	0	0	0	0	0	0	0	0	0	0	0	0	0	0	0	0	0	0	3	0	0	0	0	0	0	0	0	0	0	0	0	0	0	0	0	0	0	0	0	0	0	0	0	0	0	0	0	0	0	0	0	3	0	0	3	0	0	0
2021.40437278094	0	0	0	0	0	0	0	0	3	0	0	0	0	0	0	0	0	0	0	0	0	0	0	0	0	0	0	0	0	0	0	0	0	0	0	0	0	0	0	0	0	0	0	0	0	0	0	0	0	0	0	0	0	0	0	0	0	0	0	0	3	0	0	0	0	0	0	0	0	0	0	0	0	0	0	0	0	0	0	0	0	0	0	0	0	0	0	0	0	0	0	0	0	3	0	0	0	0	0	0
2021.44245829345	0	0	0	0	0	0	0	0	3	0	0	0	0	0	0	0	0	0	0	0	0	0	0	3	0	0	0	0	0	0	0	0	0	0	0	0	0	0	0	0	0	0	0	0	0	0	0	0	0	0	0	0	0	0	0	0	0	0	0	0	0	0	0	0	3	0	0	0	0	0	0	0	0	0	0	0	0	0	0	0	0	0	0	0	0	0	0	0	0	0	0	0	0	3	0	0	0	0	0	0
2021.48054380595	0	0	0	0	0	0	0	0	3	0	0	0	0	0	0	0	0	0	0	0	0	0	0	3	0	0	0	0	0	0	0	0	0	0	0	0	0	0	0	0	0	0	0	0	0	0	0	0	0	0	0	0	0	0	0	0	0	0	0	0	0	0	0	0	3	0	0	0	0	0	0	0	0	0	0	0	0	0	0	0	0	0	0	0	0	0	0	0	0	0	0	0	0	3	0	0	0	0	0	0
2021.51862931846	0	0	0	0	0	0	0	0	3	0	0	0	0	0	0	0	0	0	0	0	0	0	0	3	0	0	0	0	0	0	0	0	0	0	0	0	0	0	0	0	0	0	0	0	0	0	0	0	0	0	0	0	0	0	0	0	0	0	0	0	0	0	0	0	3	0	0	0	0	0	0	0	0	0	0	0	0	0	0	0	0	0	0	0	0	0	0	0	0	0	0	0	0	0	0	0	0	0	0	0
2021.55671483096	0	0	0	0	0	0	0	0	0	0	0	0	0	0	0	0	0	0	0	0	0	0	0	3	0	0	0	0	0	0	0	0	0	0	0	0	0	0	0	0	0	0	0	0	0	0	0	0	0	0	0	0	0	0	0	0	0	0	0	0	0	0	0	0	3	0	0	0	0	0	0	0	0	0	0	0	3	0	0	0	0	0	0	0	0	3	0	0	0	3	0	0	0	0	0	0	0	0	0	0
2021.59480034346	0	0	0	0	0	0	0	0	0	0	0	0	0	0	0	0	0	0	0	0	0	0	3	3	0	0	0	0	0	0	0	0	0	0	0	0	0	0	0	0	0	0	0	0	0	0	0	0	0	0	0	0	0	0	0	0	0	0	0	0	0	0	0	0	3	0	0	0	0	0	0	0	0	0	0	0	3	0	0	0	0	0	0	0	0	3	0	0	0	3	0	0	0	0	0	0	0	0	0	0
2021.63288585597	0	0	0	0	0	0	0	0	0	0	0	0	0	0	0	0	0	0	0	0	0	0	3	0	0	0	0	0	0	0	0	0	0	0	0	0	0	0	0	0	0	0	3	0	0	0	0	0	0	0	0	0	0	0	0	0	0	0	0	0	0	0	0	0	0	0	0	0	0	0	0	0	0	0	0	0	3	0	0	0	0	0	0	0	0	3	0	0	0	3	0	0	0	0	0	0	0	0	0	0
2021.67097136847	0	0	0	0	0	0	0	0	0	0	3	0	0	0	0	0	0	0	0	0	0	0	3	0	0	0	0	0	0	0	0	0	0	0	0	0	0	0	0	0	0	0	3	0	0	0	0	0	0	0	0	0	0	0	0	0	0	0	0	0	0	0	0	3	0	0	0	0	0	0	0	0	0	0	0	0	3	0	0	0	0	0	0	0	0	3	0	0	0	3	0	0	0	0	0	0	0	0	0	0
2021.70905688098	0	0	0	0	0	0	0	0	0	0	3	0	0	0	0	0	0	0	0	0	0	0	3	0	0	0	0	0	0	0	0	0	0	0	0	0	0	0	0	0	0	0	3	0	0	0	0	0	0	0	0	0	0	0	0	0	0	0	0	0	0	0	0	3	0	0	0	0	0	0	0	0	0	0	0	0	0	0	0	0	0	0	0	0	0	0	0	0	0	3	0	0	0	0	0	0	0	0	0	0
2021.74714239348	0	0	0	0	0	0	0	0	0	0	3	0	0	0	0	0	0	0	0	0	0	0	3	0	0	0	0	0	0	0	0	0	0	0	0	0	0	0	0	0	0	0	3	0	0	0	0	3	0	0	0	0	0	0	0	0	0	0	0	0	0	0	0	3	0	0	0	0	0	0	0	0	0	0	0	0	0	0	0	0	0	0	0	0	0	0	0	0	0	0	0	0	0	0	0	0	0	3	0	0
2021.78522790598	0	0	0	0	0	0	0	0	0	0	3	0	0	0	0	0	0	0	0	0	0	0	0	0	0	0	0	0	0	0	0	0	0	0	0	0	0	0	0	0	0	0	0	0	0	0	0	3	0	0	0	0	0	0	0	0	0	0	0	0	0	0	0	3	0	0	0	0	0	0	0	0	0	0	0	0	0	0	0	0	0	0	0	0	0	0	0	0	0	0	0	0	0	0	0	0	3	3	0	0
2021.82331341849	0	0	0	0	0	0	0	0	0	0	3	0	0	0	0	0	0	0	0	0	0	0	0	0	0	0	0	0	0	0	0	0	0	0	0	0	0	0	0	0	0	0	0	0	0	0	0	3	0	0	0	0	0	0	0	0	0	0	0	0	0	0	0	3	0	0	0	0	0	0	0	0	0	0	0	0	0	0	0	0	0	0	0	0	0	0	0	0	0	0	0	0	0	0	0	0	3	3	0	0
2021.86139893099	0	0	0	0	0	0	0	0	0	0	0	0	0	0	0	0	0	0	0	0	0	0	0	0	0	0	0	0	0	0	0	0	0	0	0	0	0	0	0	0	0	0	0	0	0	0	0	3	0	0	0	0	0	0	0	0	0	0	0	0	0	0	0	0	0	0	0	0	0	0	0	0	0	0	0	0	0	0	0	0	0	0	0	0	0	0	0	0	0	0	0	0	0	0	0	0	3	3	3	0
2021.8994844435	0	0	0	3	0	0	0	0	0	0	0	0	0	0	0	0	0	0	0	0	0	0	0	0	0	0	0	0	0	0	0	0	0	0	0	0	0	0	0	0	0	0	0	0	0	0	0	0	0	0	0	0	0	0	0	0	0	0	0	0	0	0	0	0	0	0	0	0	0	0	0	0	0	0	0	0	0	0	0	0	0	0	0	0	0	0	0	0	0	0	0	0	0	0	0	0	3	0	3	0
2021.937569956	0	0	0	3	0	0	0	0	0	0	0	0	0	0	0	0	0	0	0	0	0	0	0	0	0	0	0	0	0	0	0	0	0	0	0	0	0	0	0	0	0	0	0	3	0	0	0	0	0	0	0	0	0	0	0	0	0	0	0	0	0	0	0	0	0	0	0	0	3	0	0	0	0	0	0	0	0	0	0	0	0	0	0	0	0	3	0	0	0	0	0	0	0	0	0	0	3	0	3	0
2021.9756554685	0	0	0	3	0	3	0	0	0	0	0	0	0	0	0	0	0	0	0	0	0	0	0	0	0	0	0	0	0	0	0	0	0	0	0	0	0	0	0	0	0	0	0	3	0	0	0	0	0	0	0	0	3	0	0	0	0	0	0	0	0	0	0	0	0	0	0	0	3	0	0	0	0	0	0	0	0	0	0	0	0	3	0	0	0	3	0	0	0	0	0	0	0	0	0	0	0	0	3	0
2022.01374098101	0	0	0	3	0	3	0	0	0	0	0	0	0	0	0	0	0	0	0	0	0	0	0	0	0	0	0	0	0	0	0	0	0	0	0	0	0	0	0	0	0	3	0	3	0	0	0	0	0	3	0	0	3	0	0	0	0	0	0	3	0	0	0	0	0	0	0	0	3	0	0	0	0	0	0	0	0	0	0	0	0	3	0	0	0	3	0	0	0	0	0	0	0	0	0	0	0	0	3	0
2022.05182649351	3	0	0	0	0	3	0	0	0	0	0	0	0	0	0	0	0	0	0	0	0	0	0	0	0	0	0	0	0	0	0	0	0	0	0	0	3	0	0	0	0	3	0	3	0	0	0	0	0	3	0	0	3	0	0	0	0	0	0	5	0	0	0	0	0	0	0	0	3	0	0	0	0	0	0	0	0	0	0	0	0	3	3	0	0	3	0	0	0	3	0	0	0	0	0	0	0	0	3	0
2022.08991200602	3	0	0	0	0	3	0	0	0	0	0	0	0	0	0	0	0	0	0	0	0	0	0	0	0	0	3	0	0	0	0	0	0	0	0	0	5	0	0	0	0	3	0	0	0	0	0	0	0	3	0	0	3	0	0	0	0	0	0	5	0	0	0	0	0	0	0	0	0	3	0	0	0	0	0	0	0	0	0	0	0	3	3	0	0	0	0	0	0	3	0	0	0	0	0	0	0	0	3	0
2022.12799751852	3	0	0	0	0	0	0	0	0	0	0	3	0	0	0	0	0	0	0	0	0	0	0	0	0	0	3	0	0	0	0	0	0	0	0	0	5	0	0	0	0	3	0	0	0	0	0	0	0	5	0	3	3	0	0	0	0	0	0	5	0	0	0	0	0	0	0	0	0	3	0	0	0	3	0	0	0	0	0	0	0	0	3	0	0	0	0	0	0	3	0	0	0	0	0	0	0	0	3	0
2022.16608303102	3	0	0	0	0	0	0	0	0	0	0	3	0	0	0	0	0	0	0	0	0	0	0	0	0	0	5	0	0	3	0	0	0	0	0	0	5	0	0	0	0	0	0	0	0	0	0	0	0	5	0	3	0	0	0	0	0	0	0	5	0	0	0	0	0	0	0	0	0	3	0	0	0	3	0	0	0	0	0	0	0	0	3	0	0	0	0	0	0	3	0	0	0	0	0	0	0	3	0	0
2022.20416854353	0	3	0	0	0	0	0	0	0	0	0	3	0	0	0	0	0	0	0	0	0	0	0	0	0	0	5	0	0	3	0	0	0	0	3	0	5	0	0	0	0	0	0	0	0	0	0	0	0	3	0	6	0	0	0	0	0	0	0	0	0	0	0	0	0	0	0	0	0	3	0	0	0	3	0	0	0	0	0	0	0	0	3	0	0	0	0	0	0	3	0	0	0	0	0	0	0	3	0	0
2022.24225405603	0	3	0	0	0	0	0	0	0	0	0	3	0	0	0	0	0	0	0	0	0	0	0	3	0	0	5	0	0	3	0	0	0	0	3	0	0	0	0	0	0	3	0	0	0	0	0	0	0	5	0	6	0	0	0	0	0	0	0	0	0	0	0	0	0	0	0	0	0	0	0	3	0	3	0	0	0	0	0	0	0	0	3	0	0	0	0	0	0	0	0	0	0	0	0	0	0	3	0	0
2022.28033956853	0	3	0	0	3	0	0	0	0	0	0	0	0	0	0	0	0	0	3	3	0	0	0	3	0	0	3	0	0	3	0	0	3	0	3	0	0	0	0	0	0	3	0	0	0	0	0	0	3	5	0	3	0	0	0	0	0	0	0	0	0	0	0	0	0	0	0	0	0	0	0	3	0	0	0	0	0	0	0	0	0	0	3	0	0	0	3	0	0	0	0	0	0	0	0	0	0	3	0	0
2022.31842508104	0	3	0	0	3	0	0	0	0	0	0	0	0	0	0	0	0	0	3	3	0	0	0	3	0	0	0	3	0	0	0	0	3	0	3	0	0	0	0	0	0	5	0	0	0	0	0	3	3	3	0	3	0	0	0	0	0	0	0	0	0	0	0	0	0	0	0	0	0	0	0	3	3	0	0	0	0	0	0	0	0	0	3	0	0	0	5	0	0	0	0	0	0	0	0	3	0	0	3	0
2022.35651059354	0	0	0	0	3	0	3	0	0	3	0	0	0	0	0	0	0	0	3	3	0	0	0	3	0	0	0	3	3	0	0	0	3	0	3	0	0	0	0	0	3	5	0	0	0	0	0	3	3	6	3	0	0	0	0	0	0	3	0	0	0	0	3	0	0	0	0	0	0	0	0	3	3	0	0	0	0	0	0	0	0	0	3	0	3	0	5	0	0	5	0	0	0	0	0	3	0	0	3	0
2022.39459610605	0	0	0	0	3	3	3	0	3	3	0	0	0	0	0	0	0	0	3	3	3	0	3	3	0	0	3	3	3	0	3	3	3	0	0	0	0	3	3	0	3	3	0	0	0	0	3	3	3	6	3	0	0	0	0	3	0	3	0	0	0	0	3	0	0	0	0	3	3	0	0	0	3	0	0	0	3	0	0	0	0	0	3	0	3	0	5	0	3	5	0	0	3	0	0	3	0	0	3	0
2022.43268161855	0	0	0	0	0	3	3	0	3	3	0	0	0	0	0	0	0	0	0	3	3	3	3	0	0	0	3	3	3	0	3	3	0	0	3	0	0	7	3	0	3	6	0	3	0	0	3	3	0	3	5	0	0	0	0	3	0	3	3	0	0	0	3	0	3	0	0	3	3	0	3	0	3	0	3	0	3	0	3	0	0	0	3	0	5	0	3	0	3	5	0	0	3	0	0	3	3	3	3	3
2022.47076713105	0	0	0	0	0	3	3	3	6	3	0	0	3	5	0	0	0	0	0	3	3	3	3	0	5	0	3	3	5	0	3	3	0	0	3	0	0	7	3	0	3	6	0	3	3	0	3	3	0	3	5	0	0	0	3	3	0	3	5	3	0	0	3	0	3	0	3	3	3	0	3	0	0	3	5	0	3	0	3	0	0	0	3	0	5	0	0	0	3	5	0	0	3	0	0	5	5	3	3	3
2022.50885264356	0	0	0	0	0	5	3	8	10	0	0	0	3	5	3	0	0	0	0	3	5	3	3	0	5	0	3	3	5	0	3	5	0	3	3	0	0	7	5	0	0	3	3	3	3	0	3	0	0	0	5	0	0	3	3	6	5	3	5	3	0	0	0	0	3	0	3	3	3	0	3	3	0	3	5	5	5	3	3	3	3	0	3	3	8	0	0	0	3	0	0	0	3	0	0	3	5	3	0	3
2022.54693815606	3	0	0	0	3	5	0	8	8	0	0	0	7	5	5	0	3	0	3	3	7	5	3	0	5	3	5	3	5	0	0	7	3	3	5	0	0	7	5	0	0	3	3	3	3	0	3	0	0	0	3	0	0	3	5	3	5	0	5	5	3	0	5	0	3	3	8	6	0	0	3	3	0	3	7	5	3	5	5	5	3	0	3	3	6	0	0	0	5	0	0	3	0	0	5	3	5	3	0	3
2022.58502366857	3	0	0	0	6	3	0	8	8	0	0	0	9	5	5	0	9	0	7	3	6	3	3	3	5	3	5	3	5	3	5	9	6	3	3	0	3	6	3	5	0	3	3	5	3	0	6	0	0	7	0	3	0	3	5	3	5	3	5	5	5	3	5	0	0	9	10	6	3	3	3	3	0	3	7	7	3	5	5	5	3	0	0	3	3	0	3	0	5	0	0	3	0	5	5	3	5	3	0	8
2022.62310918107	3	0	3	3	8	5	3	10	8	3	0	0	9	3	5	5	9	0	7	3	6	3	3	8	5	5	5	3	9	3	7	11	8	3	3	0	5	3	5	7	3	0	3	3	5	3	8	0	3	9	3	7	0	9	11	7	5	3	3	5	5	3	5	0	0	9	10	8	3	3	3	7	0	3	11	7	3	5	3	5	3	3	0	3	3	5	3	3	5	3	0	5	3	5	5	0	5	0	0	9
2022.66119469357	3	0	7	5	10	7	3	6	3	7	7	3	9	3	5	5	9	0	7	5	6	3	3	8	3	5	5	3	5	5	7	14	10	3	5	0	7	3	5	11	7	3	5	7	3	3	11	3	5	13	3	7	3	7	9	8	3	5	3	5	7	6	5	7	0	9	10	10	6	3	3	6	0	8	10	5	3	5	6	3	0	5	3	3	0	5	3	5	9	3	8	9	7	11	7	3	13	0	0	9
2022.69928020608	0	5	11	5	12	5	6	3	0	11	11	8	7	7	3	13	12	5	5	9	3	0	3	10	5	8	8	9	13	7	11	12	12	3	5	7	7	10	5	11	11	3	5	9	6	14	9	3	9	13	6	7	5	11	9	10	7	5	3	7	14	8	5	11	9	12	10	10	8	3	9	8	0	11	14	8	7	3	9	5	5	5	5	3	3	9	3	13	8	11	12	11	7	13	3	3	13	0	3	9
2022.73736571858	3	9	15	11	13	13	10	5	9	17	11	12	10	13	11	17	16	14	11	9	3	7	0	14	10	10	11	16	13	5	10	14	13	7	10	13	11	16	11	11	17	13	11	9	13	18	12	9	11	8	12	10	5	14	11	14	13	12	5	7	14	9	7	11	14	16	12	13	12	7	9	16	12	11	13	10	9	16	17	13	7	11	5	9	13	11	7	17	11	13	16	15	15	18	9	10	17	8	7	5
2022.77545123109	11	14	18	12	10	13	13	10	9	17	13	12	10	17	11	17	14	16	11	11	7	11	11	16	10	13	15	20	12	11	10	14	10	9	10	18	13	18	15	13	17	18	19	13	18	20	7	11	13	8	16	12	19	11	18	15	19	19	10	12	18	13	9	13	21	14	14	12	17	11	14	13	18	13	17	16	11	20	23	15	9	11	11	15	15	12	6	23	15	16	22	16	18	19	13	14	17	17	13	11
2022.81353674359	13	14	17	12	8	13	18	11	15	17	13	17	10	16	13	19	14	20	14	9	13	15	11	13	12	18	20	21	15	15	15	12	8	14	10	25	11	27	21	16	17	18	18	13	20	23	7	13	14	4	20	11	18	14	19	18	20	20	11	14	21	19	9	13	23	14	17	17	14	16	18	16	20	11	16	18	11	20	20	15	11	16	17	15	20	17	11	25	13	16	20	13	19	17	17	13	14	17	13	12
2022.85162225609	15	20	19	14	16	11	17	18	17	20	16	20	17	16	27	19	17	20	19	12	17	25	16	17	16	16	24	26	19	13	23	10	16	19	12	24	23	27	20	16	20	20	16	27	21	20	10	17	10	8	23	11	21	15	19	31	20	24	20	19	23	26	12	16	19	17	16	17	12	25	27	21	22	16	19	29	12	21	23	16	14	20	20	23	29	24	15	21	16	20	19	15	19	18	19	13	20	19	16	23
2022.8897077686	25	23	21	18	21	13	30	18	20	26	25	28	24	17	27	22	17	26	24	15	20	29	24	24	20	24	31	32	24	18	24	19	21	32	17	28	29	27	28	24	26	27	18	31	19	24	22	19	19	22	22	25	32	26	26	34	23	32	33	22	20	27	13	25	22	17	24	20	19	28	32	23	18	17	23	31	24	27	20	31	21	28	30	21	29	27	21	24	16	24	24	21	23	20	34	17	21	32	18	25
2022.9277932811	31	37	40	34	30	27	30	29	31	26	33	38	33	25	34	31	23	36	33	32	22	39	32	30	32	23	32	32	28	25	37	36	30	35	32	29	33	32	29	30	26	28	25	31	28	32	37	31	31	37	26	40	38	33	37	39	26	35	35	24	27	33	34	33	23	23	23	34	28	30	39	30	23	27	27	35	32	34	33	39	35	35	30	27	37	31	34	33	22	17	37	22	29	25	35	30	33	33	34	35
2022.96587879361	40	51	47	43	47	38	41	45	51	32	42	46	42	42	42	41	33	49	48	45	33	47	47	40	44	50	43	41	41	30	42	44	47	46	47	45	54	36	41	35	32	46	38	49	42	36	50	38	39	47	37	44	48	46	36	46	42	37	43	43	38	39	42	42	29	33	42	42	46	34	49	41	36	32	31	50	48	42	46	44	47	42	40	40	46	41	49	48	33	40	44	44	43	37	45	51	37	42	43	47
2023.00396430611	50	61	54	49	51	46	59	56	58	55	49	47	47	51	46	45	53	56	61	52	52	51	61	49	52	61	56	43	49	48	44	50	51	49	52	45	55	50	46	46	55	52	52	59	53	43	62	55	55	51	40	58	57	50	61	44	54	43	54	44	45	49	52	49	48	53	46	56	53	50	51	59	50	42	44	57	58	57	53	64	59	54	51	52	54	46	59	54	53	49	58	53	59	53	53	58	48	57	52	48
2023.04204981861	62	77	73	74	62	61	73	69	73	70	59	66	59	74	67	63	64	64	72	69	68	60	71	63	73	80	62	54	63	70	61	60	62	66	68	71	60	64	64	65	70	67	65	64	71	57	73	67	73	72	64	69	68	66	66	57	61	61	64	63	64	60	67	59	62	64	63	68	65	64	66	69	66	60	63	63	67	69	65	70	73	66	63	68	72	57	66	68	69	67	74	76	73	72	64	73	67	64	76	63
2023.08013533112	73	77	74	80	80	79	77	84	78	78	80	76	68	78	70	79	77	75	78	81	82	70	79	73	81	82	73	64	83	84	74	69	80	76	83	72	71	81	69	78	78	74	76	78	81	70	66	76	81	82	73	80	78	69	71	77	72	71	79	73	76	71	73	80	70	77	72	82	75	83	79	80	81	75	80	70	80	80	76	80	70	68	76	83	79	67	73	76	85	80	73	82	80	80	73	79	79	73	82	77
2023.11822084362	81	75	78	79	80	85	85	77	81	86	87	85	80	83	78	85	84	77	87	84	86	78	82	80	78	77	79	83	85	90	83	77	80	85	81	79	79	88	76	86	86	78	84	83	83	83	83	86	85	78	89	87	79	78	79	76	77	81	81	81	84	90	86	87	89	84	77	82	86	85	84	86	79	87	87	78	79	79	82	83	82	80	84	80	77	80	77	74	92	86	87	80	76	85	81	84	81	82	85	82
2023.15630635613	81	76	79	76	79	89	80	79	74	81	83	82	81	80	80	85	81	77	80	80	81	79	79	78	78	77	80	83	86	85	81	78	79	81	79	83	79	81	81	87	81	76	78	75	80	87	74	84	83	79	87	85	74	81	79	78	80	80	83	81	85	85	83	83	81	81	82	79	80	86	83	80	79	87	84	75	82	79	78	77	78	78	80	79	77	82	82	78	88	76	82	81	69	85	81	78	79	76	83	80
2023.19439186863	76	70	73	79	72	78	65	72	67	70	73	75	77	71	69	76	71	78	71	78	74	73	71	72	67	71	71	76	81	79	78	73	72	71	72	74	70	70	71	76	70	75	75	67	72	80	74	75	74	66	75	73	70	73	70	72	74	73	75	78	81	74	75	73	74	71	74	71	76	76	76	72	75	79	72	70	72	68	72	66	69	70	73	69	65	76	75	75	79	71	72	67	65	69	74	78	73	67	71	75
2023.23247738113	63	54	56	53	56	56	51	51	52	53	55	59	59	55	57	59	59	58	55	59	53	60	55	53	49	53	55	57	60	54	61	60	56	54	57	58	60	48	56	53	53	52	55	53	55	62	62	56	57	53	56	53	59	57	55	54	57	55	56	58	62	60	53	55	57	59	59	52	58	56	51	55	59	61	56	55	53	51	50	55	52	58	60	56	49	58	57	53	58	53	56	53	51	55	53	60	52	50	51	55
2023.27056289364	41	39	33	34	35	37	31	33	33	39	35	33	35	32	40	33	35	36	32	33	36	39	34	34	35	35	39	33	37	30	35	34	35	37	37	39	39	33	47	38	39	37	33	35	39	39	43	33	35	39	34	31	38	39	36	35	39	37	38	35	42	37	37	35	36	35	41	33	39	36	32	37	40	42	40	36	35	37	36	39	37	38	37	38	33	39	35	34	39	35	35	36	39	32	41	33	36	36	31	35
2023.30864840614	18	21	19	20	17	18	17	20	18	19	20	17	23	18	20	17	21	18	18	18	20	18	18	19	20	23	20	18	18	17	20	23	17	17	20	20	23	17	27	18	19	18	19	19	21	17	22	16	19	23	16	17	19	20	20	22	18	19	20	19	25	17	17	20	18	21	18	18	20	16	16	23	20	24	23	18	17	21	18	23	19	20	20	24	21	17	19	16	20	23	20	20	23	18	23	18	22	22	16	19
2023.34673391865	8	11	9	6	9	7	8	8	9	9	11	7	10	8	12	7	8	8	8	8	9	9	8	11	9	12	11	7	7	11	6	11	9	8	8	11	14	7	16	8	9	8	8	9	14	7	12	6	9	11	7	10	7	8	7	11	11	8	7	8	13	8	9	11	8	8	8	8	11	7	7	13	8	13	11	8	8	9	9	16	8	8	8	13	13	7	8	6	11	14	11	8	11	7	11	7	8	14	7	8
2023.38481943115	7	11	5	4	8	10	10	8	6	9	8	5	8	4	8	5	5	7	5	5	6	5	4	9	6	8	9	4	4	10	4	7	8	5	5	10	11	5	13	5	9	5	5	5	10	4	4	4	8	8	5	8	7	8	8	9	11	5	4	5	7	6	6	8	6	5	5	5	5	4	4	8	5	11	8	6	8	5	6	12	6	5	5	10	10	5	5	4	7	11	9	5	6	5	9	4	5	14	10	4
2023.42290494365	7	12	4	7	9	10	11	8	8	7	7	4	15	4	7	4	4	7	4	4	5	4	4	7	4	11	7	7	4	9	4	9	9	4	4	12	7	10	11	5	7	4	5	5	12	4	7	4	8	7	4	10	9	9	8	8	10	7	9	7	4	5	4	7	7	4	4	4	5	4	7	5	4	9	8	8	8	5	4	10	5	4	4	8	9	4	5	7	4	13	7	5	5	4	8	7	5	13	12	7
2023.46099045616	3	8	3	3	5	5	9	3	6	3	0	0	7	0	0	0	0	3	0	0	0	0	0	3	0	8	3	3	0	5	0	5	5	0	0	8	3	7	3	3	3	0	0	0	6	0	3	0	3	0	0	5	5	5	5	0	6	6	5	3	0	0	0	0	3	0	0	0	0	0	3	0	0	3	0	3	3	0	0	3	0	0	8	3	3	0	6	3	0	3	0	0	3	3	3	3	3	8	8	6
2023.49907596866	3	8	3	3	7	5	11	3	6	3	3	3	7	0	0	5	0	3	3	0	0	3	0	0	0	8	3	5	0	3	3	5	7	0	0	8	3	7	0	3	3	6	3	0	3	0	6	0	3	0	0	3	5	5	5	0	6	8	5	3	0	0	0	3	5	0	0	0	0	0	7	3	5	3	0	3	3	0	0	0	0	0	8	5	0	0	6	3	0	5	3	3	3	3	3	5	3	3	8	6
2023.53716148117	0	3	5	5	7	0	13	3	10	3	5	3	7	0	0	5	0	3	3	0	0	5	0	3	3	8	0	10	0	3	3	5	7	0	0	6	7	7	3	3	3	10	3	0	3	3	8	5	0	0	0	6	5	5	3	3	0	8	5	8	0	0	0	5	5	0	3	3	0	0	9	3	5	5	0	8	3	5	0	0	0	0	10	5	0	3	14	3	3	5	6	5	3	5	3	5	3	5	6	6
2023.57524699367	3	0	5	3	5	0	10	6	10	0	5	6	5	0	0	5	0	3	3	0	0	5	0	6	5	6	0	8	0	0	3	6	5	3	0	3	9	7	3	3	0	10	3	10	3	8	7	5	0	0	0	6	0	5	6	3	3	14	5	8	0	3	5	5	5	0	3	5	0	3	8	3	5	10	0	6	0	10	0	3	0	0	10	5	8	7	16	0	3	10	8	7	3	5	0	6	3	7	3	5
2023.61333250617	3	3	3	3	5	3	6	6	12	3	5	6	3	5	3	5	8	3	6	3	3	8	5	8	7	3	3	12	0	5	5	5	5	3	0	9	7	3	3	0	3	12	3	16	3	8	7	5	0	3	0	10	3	8	3	3	6	13	3	8	0	3	8	5	5	8	6	5	0	5	8	3	5	11	0	10	0	10	3	5	0	8	8	5	8	7	18	0	3	11	10	7	3	5	0	10	3	7	0	5
2023.65141801868	6	3	8	6	10	6	11	6	15	3	3	9	3	12	3	10	10	6	12	3	7	6	7	8	7	5	11	13	0	9	14	8	10	5	0	10	11	6	3	3	3	14	0	18	3	8	9	11	0	9	10	19	3	8	6	8	8	15	6	10	3	5	8	3	3	10	8	8	0	5	6	3	0	11	3	10	3	10	3	7	0	8	3	5	14	7	19	6	8	8	8	8	5	12	3	7	0	10	3	3
2023.68950353118	10	3	8	9	14	11	21	6	15	6	5	11	6	14	6	12	16	8	14	3	10	3	16	12	13	3	13	16	8	9	14	14	14	9	8	10	11	6	5	14	6	12	3	18	3	8	9	16	3	11	12	16	5	10	8	12	10	20	6	12	3	7	10	5	9	16	8	8	5	16	3	6	5	8	6	10	6	10	5	9	6	8	0	11	16	11	18	13	9	14	6	9	9	11	8	14	3	8	12	11
2023.72758904368	10	15	14	19	14	11	18	18	15	12	8	15	6	20	14	18	22	12	28	12	12	11	20	12	12	6	13	20	14	14	19	15	14	20	18	13	19	5	10	18	12	16	5	12	5	11	7	20	3	13	24	16	5	10	13	16	18	22	15	8	7	18	14	8	13	22	10	17	16	25	8	19	19	17	10	20	15	19	9	12	10	12	0	21	13	17	22	17	9	14	12	15	20	17	15	21	10	11	21	16
2023.76567455619	22	35	20	31	22	31	28	20	34	17	17	27	13	30	22	29	25	36	32	22	19	18	34	19	24	21	37	28	24	31	25	23	22	27	30	16	32	18	15	28	17	23	21	23	29	22	32	41	27	17	32	35	15	22	17	30	23	32	25	18	16	33	29	17	28	25	36	27	21	34	13	29	23	19	21	21	23	32	20	27	22	22	18	33	32	26	26	27	20	21	26	29	28	27	31	26	27	19	27	22
2023.80376006869	55	65	45	71	48	54	49	49	47	40	43	54	39	57	45	48	41	58	53	46	53	53	53	56	53	47	44	50	44	53	53	40	48	55	52	44	56	45	59	50	40	56	37	52	45	40	56	68	47	49	47	55	54	43	34	52	47	39	59	43	42	43	46	43	56	41	59	52	47	58	34	53	40	48	53	50	47	50	49	58	44	49	49	58	51	49	38	46	50	35	52	47	52	47	58	55	55	33	64	47
2023.8418455812	130	165	123	125	112	136	130	113	122	135	128	112	130	133	140	124	114	135	131	117	123	121	116	124	129	116	124	119	121	117	128	113	112	128	121	125	140	128	134	134	135	137	120	142	120	118	133	117	127	139	130	115	128	132	131	126	123	112	128	138	127	134	118	128	142	114	136	119	130	122	125	137	126	126	129	134	116	133	139	145	134	120	120	136	129	136	134	135	121	143	122	136	132	110	124	131	126	110	134	117
2023.8799310937	301	295	278	292	284	294	309	285	282	306	279	297	280	306	296	290	283	300	285	299	293	301	270	295	271	276	292	294	281	298	295	288	284	287	296	301	301	304	288	288	306	303	281	288	289	283	298	300	292	297	288	307	298	285	304	281	277	285	297	316	299	294	293	279	306	283	289	293	304	283	280	300	290	292	285	290	274	279	296	301	287	302	278	276	305	303	278	291	293	292	304	291	300	282	296	295	291	290	293	292
2023.9180166062	523	527	520	518	503	521	530	517	527	517	504	525	522	527	518	500	529	506	519	519	518	513	508	518	494	521	511	509	522	521	509	507	503	506	513	519	515	517	523	524	517	541	528	517	508	513	522	521	510	519	521	515	510	510	506	508	515	513	516	522	520	511	509	504	518	529	521	519	531	521	515	513	502	518	514	518	521	497	527	521	517	520	510	517	519	506	520	538	539	521	518	525	536	520	513	515	524	515	525	523
2023.95610211871	590	579	583	575	580	578	604	583	581	594	577	580	572	569	579	577	580	560	569	577	582	586	561	575	587	587	569	582	580	563	580	590	580	573	577	586	561	585	588	578	594	586	571	596	578	585	585	573	575	577	593	572	579	573	587	574	584	572	586	579	580	590	577	577	579	580	574	582	603	579	572	564	587	569	579	579	587	573	588	586	584	574	572	565	571	583	573	590	572	578	571	570	599	580	571	582	583	587	572	569
2023.99418763121	633	618	621	615	624	622	616	617	614	624	624	623	614	626	632	618	622	614	616	628	622	619	603	611	614	620	615	613	617	621	628	624	624	621	619	617	608	612	612	618	624	613	620	612	619	621	614	614	613	602	619	619	614	617	615	623	618	623	612	619	601	627	623	624	613	622	615	626	628	610	617	618	622	616	615	610	615	623	607	616	611	617	621	623	622	620	621	629	622	619	617	623	625	613	616	612	616	619	614	621
2024.03227314372	546	551	556	540	544	544	547	549	550	544	547	539	553	536	548	551	544	554	551	535	532	536	544	534	536	550	539	547	547	549	541	547	544	547	543	533	538	542	558	539	544	541	554	557	544	545	532	542	561	544	534	542	541	543	523	536	551	543	537	541	539	541	548	547	549	544	546	562	554	545	545	530	549	541	550	551	544	544	543	541	532	541	554	555	547	547	546	542	537	538	544	543	550	541	538	533	548	553	540	542
2024.07035865622	373	372	382	372	376	368	373	382	380	382	374	381	371	373	377	378	379	368	376	370	385	366	374	377	379	366	381	385	367	364	379	379	376	374	374	369	388	382	379	380	382	359	370	385	393	373	374	370	383	370	370	369	380	376	385	374	388	375	375	377	363	374	373	374	376	379	366	389	369	366	385	377	365	363	366	372	370	381	368	369	367	368	384	371	373	386	371	376	367	377	372	368	376	370	376	365	373	391	374	359
2024.10844416872	236	257	246	243	237	245	237	248	246	240	251	235	244	245	250	243	247	245	245	249	243	238	238	246	231	233	252	252	235	241	247	242	237	249	246	234	255	244	238	256	240	249	239	245	240	245	241	239	250	251	233	244	240	253	244	242	249	245	242	250	241	251	239	251	258	247	243	242	229	259	237	247	241	242	241	230	246	252	245	256	247	246	248	250	248	250	246	238	257	247	243	252	239	256	252	243	248	241	251	245
2024.14652968123	243	251	242	256	239	247	248	240	246	240	246	246	249	250	256	245	238	235	240	248	248	251	236	253	239	240	247	259	246	238	241	247	239	243	233	251	252	256	243	249	240	259	242	251	253	246	253	257	242	245	240	258	242	248	232	245	249	251	236	255	255	246	242	246	250	238	244	249	242	258	247	244	241	246	244	241	242	246	247	248	244	246	254	249	246	260	257	254	253	256	250	253	255	256	253	253	245	247	255	243
2024.18461519373	208	211	222	222	216	210	220	218	215	222	220	218	212	223	209	220	220	210	217	213	214	219	219	222	218	214	222	220	213	218	219	215	216	207	212	217	211	214	211	220	222	207	217	213	211	211	207	213	216	215	213	215	215	217	227	225	223	218	220	219	219	216	213	220	210	220	220	212	217	219	216	219	219	218	222	220	224	210	219	214	215	222	213	216	210	218	214	215	220	217	217	215	211	212	215	220	209	220	208	218
2024.22270070624	213	204	205	214	215	216	209	212	206	207	216	210	212	216	214	212	211	210	208	212	208	214	213	209	213	215	211	202	216	215	206	210	215	211	215	211	205	205	207	214	207	208	215	206	209	211	206	214	208	216	213	210	215	215	206	216	206	212	207	204	215	211	213	216	209	211	216	201	212	211	209	213	218	217	213	210	215	213	210	207	214	212	207	209	206	209	212	212	211	209	210	215	208	212	202	213	212	212	215	219
2024.26078621874	187	182	184	184	188	187	183	184	182	186	187	186	190	184	182	187	184	186	185	186	183	190	193	184	190	188	187	184	189	191	183	187	188	188	188	193	179	188	186	182	186	180	189	187	187	183	185	185	184	185	190	186	183	180	185	188	185	184	185	187	192	183	191	187	180	184	185	185	188	188	190	186	189	188	190	189	187	186	188	182	189	188	184	188	185	185	184	185	185	184	190	183	184	185	180	187	181	184	185	189
2024.29887173124	146	144	146	148	146	151	147	144	143	143	151	147	147	145	144	149	148	146	148	146	149	145	156	145	149	149	145	147	147	148	144	148	146	149	150	144	139	145	148	142	143	136	149	141	142	146	144	145	151	141	146	148	149	143	150	144	145	145	148	146	146	144	148	151	142	148	152	149	149	144	149	144	149	148	149	150	152	145	148	140	149	147	148	145	147	143	143	143	142	139	147	143	144	143	145	149	146	147	144	151
2024.33695724375	104	102	94	99	101	105	98	97	103	98	104	102	102	101	102	99	99	104	102	104	103	98	106	96	102	100	100	98	102	103	104	98	101	101	100	100	102	104	104	100	98	101	108	101	102	103	99	97	107	100	103	97	102	102	107	98	101	102	101	98	102	96	100	104	101	99	98	101	105	97	102	99	103	100	100	99	101	104	95	97	105	102	104	98	99	101	97	95	98	99	101	101	100	103	99	104	99	97	101	104
