time	95%HPD_lower_value	95%HPD_higher_value
2016.75794025546	210.438734834903	210.438734834903
2016.79602576797	280.970053280512	280.970053280512
2016.83411128047	0.514270829972162	0.514270829972162
2016.87219679297	0.0015758967774862	0.21343490541678
2016.91028230548	0.0133812537826776	0.0702943003207383
2016.94836781798	0.0251870713447623	0.0296989329160987
2016.98645333049	0.036992861211356	0.036992861211356
2017.02453884299	0.0487986865224477	0.0487986865224477
2017.06262435549	NA	NA
2017.100709868	NA	NA
2017.1387953805	0.0526802649538881	0.113106604114096
2017.17688089301	0.230737764915273	0.420333418146153
2017.21496640551	0.408795836555663	0.727560896568637
2017.25305191801	0.586854121677281	1.03478907339154
2017.29113743052	0.461413238212733	1.34201791787081
2017.32922294302	0.00271173782813951	41.9453145802631
2017.36730845553	0.00620187814443502	129.828959466914
2017.40539396803	0.00235789809409269	245.475760015891
2017.44347948053	0.00527830277246822	379.050350263674
2017.48156499304	0.00675590976065201	171.142168381739
2017.51965050554	0.00929844150162456	293.122905983109
2017.55773601805	0.00307964062876007	391.829940486218
2017.59582153055	0.0065859068734278	557.151294456929
2017.63390704305	0.0100920894661735	722.466691672938
2017.67199255556	0.0135982913372553	0.0135982913372553
2017.71007806806	0.000736800513486155	16.3766086518618
2017.74816358056	0.0414067709421627	126.518869743824
2017.78624909307	0.0802927346808843	236.658087774848
2017.82433460557	0.0110242731612136	346.794223663078
2017.86242011808	0.00220875992686637	456.927238680101
2017.90050563058	0.0137173640412892	96.4786926568267
2017.93859114308	0.0252259109356025	227.742551102609
2017.97667665559	0.0367344915455354	359.002365236702
2018.01476216809	0.0482430605244941	490.258080367459
2018.0528476806	0.170140038285622	489.076968036123
2018.0909331931	0.00103043664886644	148.891602299207
2018.1290187056	0.0027052012261711	296.701299480108
2018.16710421811	0.00221269839356253	470.073875439174
2018.20518973061	0.00516151880215327	229.714336912533
2018.24327524312	0.00811031436175061	382.981761011307
2018.28136075562	0.0110591365726007	536.24500025002
2018.31944626812	0.0256724182113932	386.035964278004
2018.35753178063	0.000380185813095368	563.809685991179
2018.39561729313	0.000705503733967316	741.576708241893
2018.43370280564	0.00572632095244515	522.268026676928
2018.47178831814	0.00878832910253123	829.191151181829
2018.50987383064	0.0115910127657371	418.056429343233
2018.54795934315	0.000198012373859833	645.578969774325
2018.58604485565	0.00153237510101469	398.482608490918
2018.62413036816	0.00286690106249173	162.114418853649
2018.66221588066	0.00420138762145761	259.261727899772
2018.70030139316	0	568.472798101227
2018.73838690567	0.00574662169759083	712.150076144384
2018.77647241817	0.0114812845729658	689.245878047668
2018.81455793068	0.00441949370902836	1037.98721451403
2018.85264344318	0.0115311354082925	804.339833239606
2018.89072895568	0.0186427464750752	686.372512208212
2018.92881446819	0.0257544095956387	666.013040190354
2018.96689998069	0.00120742521474999	578.646535921828
2019.0049854932	0.00283835811541404	863.963729423063
2019.0430710057	0.00512454599797749	578.598057740117
2019.0811565182	0.0000995237295852079	802.53098046714
2019.11924203071	0.000293787506049524	1074.55512130655
2019.15732754321	0.0026792392952435	49242.7192242964
2019.19541305571	0.00396907201756065	105793.073814465
2019.23349856822	0.0011243317636207	162289.0567498
2019.27158408072	0.00503603769766311	218720.444094106
2019.30966959323	0.00894776594437223	398.342002893493
2019.34775510573	0.0128595412371034	427880.577249178
2019.38584061823	0.0167713237410888	202832.394898527
2019.42392613074	0.00254307092898968	80536.0134501395
2019.46201164324	0.00224312954926373	20296.5958317583
2019.50009715575	0.00778074995887871	2481.46414512185
2019.53818266825	0.0103995902714892	3944.91504309798
2019.57626818075	0.0222608828106853	6380.20160418681
2019.61435369326	0.0289334760140722	11692.9725283466
2019.65243920576	0.00434663183630382	17775.3673881607
2019.69052471827	0.0127599038749578	9176.31471143285
2019.72861023077	0.000899782761669063	21211.5757021971
2019.76669574327	0.00373274875679128	35892.2020635189
2019.80478125578	0.000341550801668121	572.145037349053
2019.84286676828	0.00401566264910124	1025.77869618401
2019.88095228079	0.0076905078427113	1541.98386485363
2019.91903779329	0.0113654037803156	1794.63591973959
2019.95712330579	0.0150402915329228	2912.73542523725
2019.9952088183	0.630905103661707	1571.08718989001
2020.0332943308	63.3949011961048	3182.7573709876
2020.07137984331	0.000361752935734861	4794.24141714302
2020.10946535581	0.00433393062840345	6405.53108344351
2020.14755086831	0.00830580441402905	20307.7865751432
2020.18563638082	0.0122777171976647	21861.3920481519
2020.22372189332	0.0162496331352898	6691.05986610036
2020.26180740583	0.134815148768029	607.824541407289
2020.29989291833	0.032870178276599	19455.7723131741
2020.33797843083	0.00928505392471503	8276.60759221646
2020.37606394334	0.102330020656949	2520.20127688592
2020.41414945584	0.0741651733374585	2953.20301164445
2020.45223496835	0.150812462893954	3633.31139588606
2020.49032048085	0.22745967117638	1630.39737908856
2020.52840599335	0.304106844735211	2480.54807805288
2020.56649150586	51.3743236730163	91.9267923150691
2020.60457701836	1.14842877316216	537.776202057283
2020.64266253086	0.135640399833537	1354.28695349055
2020.68074804337	0.329092190388548	2373.34985641707
2020.71883355587	0.52254418871852	2111.76240993728
2020.75691906838	0.715996507105279	3279.63494748197
2020.79500458088	173.276368170665	173.276368170665
2020.83309009338	839.427456037624	839.427456037624
2020.87117560589	582.457066779918	1810.54141319913
2020.90926111839	0.0211671187850772	2973.42075930242
2020.9473466309	0.0666175379438306	3962.91659342107
2020.9854321434	0.112068004475008	6230.17448775562
2021.0235176559	10.5335411826016	8955.6680553014
2021.06160316841	617.372911173786	21076.9695427374
2021.09968868091	62.2954059942031	35933.6984038249
2021.13777419342	44.0608362152346	3857.15370675265
2021.17585970592	233.02367540133	5074.79382757069
2021.21394521842	1461.58432735555	1742.29806221404
2021.25203073093	561.540104913094	9730.58206994559
2021.29011624343	102.489268816006	6113.51806377787
2021.32820175594	1085.15687766128	4200.06503817864
2021.36628726844	228.575778741515	6673.21605830102
2021.40437278094	586.996857733896	4800.626390592
2021.44245829345	1111.39823162908	96828.647939779
2021.48054380595	516.905494151489	46693.0035285965
2021.51862931846	196.139658943528	19295.1987041003
2021.55671483096	0.115564391739947	6055.42549272738
2021.59480034346	0.061390695856151	6171.15104703508
2021.63288585597	0.0409237182339638	7813.62685807971
2021.67097136847	0.0182013834889804	12658.7758066058
2021.70905688098	0.0340110110925071	285.117636808102
2021.74714239348	0.0251289965408727	1502.23729660007
2021.78522790598	0.638226875526755	7169.4543973336
2021.82331341849	0.961241751922422	15402.9117255532
2021.86139893099	18.9532551810848	25250.0413054785
2021.8994844435	0.0160418865679813	4464.10682685623
2021.937569956	0.033720969658923	6733.65201894485
2021.9756554685	0.0638194902537684	4951.39953807574
2022.01374098101	0.101761347116396	14794.0863855396
2022.05182649351	0.5458918011853	93637.989682185
2022.08991200602	0.314921045514556	301219.34108094
2022.12799751852	0.0359439653236381	473397.394848985
2022.16608303102	0.0798376662937769	505682.440474513
2022.20416854353	0.111821606714649	393449.473017037
2022.24225405603	0.00734320691864102	522073.103356498
2022.28033956853	0.0308338896321672	248739.65185519
2022.31842508104	0.08511995012964	99949.2459985833
2022.35651059354	0.157866078246099	26074.659240237
2022.39459610605	0.107433661152762	22080.1221105644
2022.43268161855	0.0206349520156728	125024.637289358
2022.47076713105	0.0123975734420163	241406.69874946
2022.50885264356	0.0133644807710706	425882.559239062
2022.54693815606	0.00958661374357586	226333.900362415
2022.58502366857	0.0191721304188089	313211.758877769
2022.62310918107	0.0371005496351793	290979.256366904
2022.66119469357	0.065387076121304	288963.70861595
2022.69928020608	0.272727970599272	386172.68592828
2022.73736571858	2510.99817508396	461344.366202201
2022.77545123109	4618.44969176276	385196.064023172
2022.81353674359	1.39945849008117	285419.367790828
2022.85162225609	8.42443971419583	223115.72368909
2022.8897077686	22555.801933321	188656.630607914
2022.9277932811	52551.1302885285	212363.602544713
2022.96587879361	63710.6304733971	192410.010022647
2023.00396430611	108340.355053416	243920.630761187
2023.04204981861	245257.956311219	400112.139201531
2023.08013533112	246448.710874691	437288.91036468
2023.11822084362	329416.484715269	518404.668220513
2023.15630635613	294200.480253468	523519.070319172
2023.19439186863	281764.21795248	540574.223281397
2023.23247738113	232871.877740295	443331.196750269
2023.27056289364	142476.653230609	314435.430904475
2023.30864840614	147824.102320616	434555.506907633
2023.34673391865	99610.6656379442	541277.807961992
2023.38481943115	35731.8369316236	806016.662706304
2023.42290494365	5391.43689377897	2189190.66177439
2023.46099045616	0.0422715593346742	137133.232056906
2023.49907596866	0.121963366883477	99349.3316975721
2023.53716148117	0.0485966052474832	99681.5757611173
2023.57524699367	0.0351066079416662	61734.3742513309
2023.61333250617	0.0815076236150438	91525.2137806262
2023.65141801868	0.0816873014622137	67618.1437233434
2023.68950353118	0.0367292233852069	61650.9806573719
2023.72758904368	0.0663177405294117	52690.4702426041
2023.76567455619	0.654677839632977	36219.8765828542
2023.80376006869	13.4524572779385	22367.0421089984
2023.8418455812	1072.33812207272	18657.0134166839
2023.8799310937	18890.990035167	32504.0665443952
2023.9180166062	24958.8638016813	101501.151035036
2023.95610211871	39988.0735520204	234528.358460913
2023.99418763121	254254.432270722	495030.981493324
2024.03227314372	408634.97927328	615234.948303549
2024.07035865622	510361.295624875	834743.345453867
2024.10844416872	352474.58865106	982803.998888109
2024.14652968123	194944.915511044	641956.485671357
2024.18461519373	94174.9452182597	294012.63950002
2024.22270070624	24987.5115321067	244281.901213953
2024.26078621874	2497.09442375936	129906.62321144
2024.29887173124	765.396074660144	57842.7085599505
2024.33695724375	224.1907413239	3469.21657035877
