time	diffusion_coefficient	number_of_branches
2015.75171398298	4060.40611918561	0
2015.7948432362	5730.44866541589	0
2015.83797248942	NA	0
2015.88110174263	NA	0
2015.92423099585	NA	0
2015.96736024907	NA	0
2016.01048950229	NA	0
2016.05361875551	NA	0
2016.09674800872	NA	0
2016.13987726194	NA	0
2016.18300651516	NA	0
2016.22613576838	NA	0
2016.2692650216	NA	0
2016.31239427482	NA	0
2016.35552352803	37.8270500881454	0
2016.39865278125	79.8584668295066	0
2016.44178203447	121.888319129367	0
2016.48491128769	3.28104873333927	0
2016.52804054091	27.0963726326363	0
2016.57116979412	26.2241837670633	0
2016.61429904734	53.4712424192825	0
2016.65742830056	1872.87610652203	0
2016.70055755378	93.5744650512541	0
2016.743686807	844.878456126737	0
2016.78681606021	357.963536755936	0
2016.82994531343	156.721388199776	0
2016.87307456665	42.9186563926502	0
2016.91620381987	70.6055485378982	0
2016.95933307309	60.1422632549723	0
2017.00246232631	43.2589086022188	0
2017.04559157952	81.9201121368833	0
2017.08872083274	84.1867977891652	0
2017.13185008596	139.364328670226	0
2017.17497933918	90.5887825552487	0
2017.2181085924	243.462650962844	0
2017.26123784561	139.490290684112	0
2017.30436709883	210.172508101216	0
2017.34749635205	39.6139424323732	0
2017.39062560527	75.8790560072189	0
2017.43375485849	2.47542924490946	0
2017.4768841117	34.39115795964	0
2017.52001336492	102.429908125427	0
2017.56314261814	106.198773551544	0
2017.60627187136	80.7882850564351	0
2017.64940112458	73.3729942239217	0
2017.6925303778	112.954822836974	0
2017.73565963101	203.374795883148	0
2017.77878888423	88.7580009349105	0
2017.82191813745	160.787992162523	0
2017.86504739067	139.8600353955	0
2017.90817664389	45.7302183513359	0
2017.9513058971	97.6745371770167	0
2017.99443515032	101.491543557606	0
2018.03756440354	98.2127902821716	0
2018.08069365676	77.8183006296916	0
2018.12382290998	106.400505517823	0
2018.1669521632	49.13828132696	0
2018.21008141641	51.8463791393813	0
2018.25321066963	90.1305713937588	0
2018.29633992285	57.8411933278048	0
2018.33946917607	59.799991904265	0
2018.38259842929	62.1512742734979	0
2018.4257276825	43.6065552575353	0
2018.46885693572	106.605389011548	0
2018.51198618894	294.358192553906	0
2018.55511544216	418.717146695504	0
2018.59824469538	565.068872415522	0
2018.6413739486	73.9320231323458	0
2018.68450320181	90.1890307222401	0
2018.72763245503	28.8438482625345	0
2018.77076170825	260.371515927935	0
2018.81389096147	49.4874559929398	0
2018.85702021469	69.6304665369489	0
2018.9001494679	135.667990500979	0
2018.94327872112	258.06847238506	0
2018.98640797434	38.1255951063819	0
2019.02953722756	59.7277449581966	0
2019.07266648078	166.63221085476	0
2019.11579573399	250.597941208457	0
2019.15892498721	490.42900313564	0
2019.20205424043	986.291586260389	0
2019.24518349365	1270.77110495127	0
2019.28831274687	565.361712899122	0
2019.33144200009	18.4717662937549	0
2019.3745712533	178.248016127473	0
2019.41770050652	23.0865468927675	0
2019.46082975974	79.8628070901627	0
2019.50395901296	120.956745532172	0
2019.54708826618	396.730501847102	0
2019.59021751939	393.638261927171	0
2019.63334677261	1071.86081548185	0
2019.67647602583	108.440550453662	0
2019.71960527905	338.145725037321	0
2019.76273453227	310.32358250864	0
2019.80586378549	513.072736570753	0
2019.8489930387	277.985468835636	0
2019.89212229192	35.3115983891452	0
2019.93525154514	67.8326080326114	0
2019.97838079836	100.355289454345	0
2020.02151005158	117.764632350686	0
2020.06463930479	882.875231290924	0
2020.10776855801	168.114418725296	0
2020.15089781123	581.880226448381	0
2020.19402706445	1975.18525699088	0
2020.23715631767	1668.25766764134	0
2020.28028557088	1011.48059963045	0
2020.3234148241	626.134573671122	0
2020.36654407732	0.0423115401614297	0
2020.40967333054	NA	0
2020.45280258376	NA	0
2020.49593183698	NA	0
2020.53906109019	NA	0
2020.58219034341	NA	0
2020.62531959663	1.37319119423667	0
2020.66844884985	43.36069593064	0
2020.71157810307	0.805836075236104	0
2020.75470735628	173.270370346395	0
2020.7978366095	451.385580581689	0
2020.84096586272	1179.27626315203	0
2020.88409511594	2403.22507512953	0
2020.92722436916	2383.08797673032	0
2020.97035362238	1216.30305402924	0
2021.01348287559	1366.38538208254	0
2021.05661212881	1976.81102274288	0
2021.09974138203	1896.58064377999	0
2021.14287063525	110.170946290254	0
2021.18599988847	981.94248363289	0
2021.22912914168	468.450066162379	0
2021.2722583949	1411.74788101848	0
2021.31538764812	1466.45924305861	0
2021.35851690134	795.719676091163	0
2021.40164615456	356.8987819066	0
2021.44477540777	341.520720915017	0
2021.48790466099	1398.21581177892	0
2021.53103391421	1539.44739375539	0
2021.57416316743	3233.13901160855	0
2021.61729242065	2054.52470224813	0
2021.66042167387	1572.16553479711	0
2021.70355092708	1582.60724224959	0
2021.7466801803	1167.79644819546	0
2021.78980943352	267.605081229267	0
2021.83293868674	667.619168550685	0
2021.87606793996	0.499198050960561	0
2021.91919719317	1.94145950324209	0
2021.96232644639	13.18027780774	0
2022.00545569961	24.4196626916657	0
2022.04858495283	2614.26876798557	0
2022.09171420605	4909.91080043259	0
2022.13484345927	2047.22978030817	0
2022.17797271248	1868.96231003931	0
2022.2211019657	2494.76700325256	0
2022.26423121892	2834.55430567221	0
2022.30736047214	3713.90460706859	0
2022.35048972536	10935.5188498995	0
2022.39361897857	14948.5316813037	0
2022.43674823179	7317.70621515955	0
2022.47987748501	2763.10535616481	0
2022.52300673823	9371.83976995257	0
2022.56613599145	12914.7997767377	0
2022.60926524466	10748.0597028132	3
2022.65239449788	16346.5006114565	3
2022.6955237511	20840.2313406972	5.5
2022.73865300432	10528.7479006943	10
2022.78178225754	33022.4713071267	13
2022.82491151076	29397.930742083	16
2022.86804076397	45113.4324595228	20
2022.91117001719	266687.568469392	26
2022.95429927041	520865.81245076	35
2022.99742852363	877139.667947268	45.5
2023.04055777685	1095208.39564809	63
2023.08368703006	1085275.13041895	78
2023.12681628328	1072880.14686194	85
2023.1699455365	930509.151827467	81
2023.21307478972	640252.952800439	60
2023.25620404294	479056.707473843	46
2023.29933329616	339899.122652996	25
2023.34246254937	381173.230933123	11
2023.38559180259	382712.262005159	8
2023.42872105581	146251.053039107	7
2023.47185030903	5780.78384280426	3
2023.51497956225	8463.23928167855	3
2023.55810881546	2987.0227253398	5
2023.60123806868	2881.61319390396	6
2023.6443673219	5934.75660080515	7
2023.68749657512	4440.64444546609	9
2023.73062582834	7144.75027641653	14
2023.77375508156	13440.5081225554	23
2023.81688433477	12333.6004726889	57.5
2023.86001358799	93983.5779352484	183.5
2023.90314284121	69957.7067711892	426
2023.94627209443	86012.6108471675	559
2023.98940134765	175558.643316133	619
2024.03253060086	348865.585007934	547
2024.07565985408	551838.026800671	351
2024.1187891073	742675.18601894	237
2024.16191836052	367526.470496762	233
2024.20504761374	45864.0922948522	218
2024.24817686695	19088.521071399	199
2024.29130612017	10140.6335589433	167
2024.33443537339	1734.39596875779	114
