time	diffusion_coefficient	number_of_branches
2016.75794025546	210.438734834903	0.02
2016.79602576797	144.347356886375	0.04
2016.83411128047	0.304733674563764	0.03
2016.87219679297	0.108355045990366	0.05
2016.91028230548	0.0694580195782102	0.05
2016.94836781798	0.0305612085842597	0.05
2016.98645333049	0.036992861211356	0.02
2017.02453884299	0.0487986865224477	0.02
2017.06262435549	NA	0
2017.100709868	NA	0
2017.1387953805	0.0828934345339922	0.04
2017.17688089301	0.325535591530713	0.04
2017.21496640551	0.56817836656215	0.04
2017.25305191801	0.810821597534411	0.04
2017.29113743052	2.7098602401582	0.07
2017.32922294302	34.9378366771943	0.05
2017.36730845553	66.8638817724109	0.05
2017.40539396803	38.2288969122542	0.14
2017.44347948053	60.0315223022257	0.17
2017.48156499304	59.8856720001569	0.2
2017.51965050554	103.204276514442	0.22
2017.55773601805	149.349008256397	0.17
2017.59582153055	181.853053547957	0.14
2017.63390704305	180.777669132552	0.08
2017.67199255556	0.0135982913372553	0.02
2017.71007806806	9.41147534030941	0.07
2017.74816358056	70.8414609154295	0.07
2017.78624909307	99.222371154933	0.09
2017.82433460557	96.8832719426243	0.13
2017.86242011808	109.433388816555	0.15
2017.90050563058	19.5722623479736	0.16
2017.93859114308	73.7252846812922	0.14
2017.97667665559	103.386224944035	0.16
2018.01476216809	166.493496259366	0.14
2018.0528476806	149.417155358297	0.13
2018.0909331931	54.3583431681637	0.07
2018.1290187056	61.7810323457008	0.09
2018.16710421811	70.9166137018819	0.16
2018.20518973061	68.2558130857747	0.13
2018.24327524312	85.6098164353938	0.17
2018.28136075562	138.568073225811	0.17
2018.31944626812	77.7604703228714	0.1
2018.35753178063	111.652121882151	0.14
2018.39561729313	138.292436129077	0.18
2018.43370280564	107.077006651907	0.14
2018.47178831814	141.616128222438	0.21
2018.50987383064	98.6219703736137	0.2
2018.54795934315	95.685816324309	0.26
2018.58604485565	35.5398715355684	0.29
2018.62413036816	34.9313772425064	0.2
2018.66221588066	63.2648066948492	0.28
2018.70030139316	112.310930233933	0.3
2018.73838690567	197.018740920156	0.24
2018.77647241817	251.595504045852	0.26
2018.81455793068	275.37845757696	0.25
2018.85264344318	226.755221575547	0.23
2018.89072895568	205.613576000364	0.18
2018.92881446819	163.436069779742	0.14
2018.96689998069	86.3910280273328	0.25
2019.0049854932	144.139640762321	0.31
2019.0430710057	156.61936204736	0.35
2019.0811565182	267.461970620793	0.35
2019.11924203071	218.395725942939	0.36
2019.15732754321	4667.62295451814	0.26
2019.19541305571	15247.443423627	0.16
2019.23349856822	18117.8717395827	0.2
2019.27158408072	31411.7362253625	0.15
2019.30966959323	95.9246466102027	0.21
2019.34775510573	15847.76191891	0.24
2019.38584061823	8696.41085169555	0.33
2019.42392613074	6108.2208365059	0.35
2019.46201164324	3722.1566574378	0.31
2019.50009715575	1073.39071757981	0.29
2019.53818266825	1039.5001672686	0.27
2019.57626818075	1357.39449475096	0.14
2019.61435369326	1693.33739122469	0.16
2019.65243920576	2269.12055056462	0.21
2019.69052471827	2618.05069968769	0.12
2019.72861023077	2667.10247456466	0.19
2019.76669574327	3718.88643297541	0.19
2019.80478125578	121.416258646703	0.14
2019.84286676828	240.875353580788	0.17
2019.88095228079	298.216825930249	0.26
2019.91903779329	336.151406116978	0.27
2019.95712330579	428.46692057952	0.26
2019.9952088183	557.317066853002	0.24
2020.0332943308	965.382449037035	0.18
2020.07137984331	1041.74022314715	0.22
2020.10946535581	1201.48861194781	0.24
2020.14755086831	2563.67244935221	0.22
2020.18563638082	2900.50224828044	0.21
2020.22372189332	2011.54777168838	0.15
2020.26180740583	752.07909667953	0.16
2020.29989291833	1211.50563838497	0.29
2020.33797843083	1143.55585136185	0.3
2020.37606394334	1180.95028510062	0.3
2020.41414945584	1095.17129767731	0.29
2020.45223496835	839.810841966499	0.1
2020.49032048085	429.00300429014	0.07
2020.52840599335	844.190278075031	0.05
2020.56649150586	201.920936375148	0.06
2020.60457701836	402.52436885163	0.09
2020.64266253086	508.443845173659	0.13
2020.68074804337	775.422138916593	0.13
2020.71883355587	571.445001071082	0.07
2020.75691906838	758.572838112371	0.07
2020.79500458088	413.54793050185	0.03
2020.83309009338	995.816237555316	0.03
2020.87117560589	1323.15463463422	0.06
2020.90926111839	1136.84164825749	0.11
2020.9473466309	1572.07382058154	0.08
2020.9854321434	2695.92195080024	0.14
2021.0235176559	3346.10183740656	0.19
2021.06160316841	4881.18642492395	0.18
2021.09968868091	6417.92551058288	0.15
2021.13777419342	1956.5723008536	0.09
2021.17585970592	1666.83002666675	0.09
2021.21394521842	1948.35096437303	0.06
2021.25203073093	2867.62211971066	0.12
2021.29011624343	2878.30468054464	0.15
2021.32820175594	2331.30717584505	0.09
2021.36628726844	2220.49135611776	0.12
2021.40437278094	2244.27626771629	0.09
2021.44245829345	9777.63488858583	0.12
2021.48054380595	8506.86369131605	0.12
2021.51862931846	7859.51501771676	0.09
2021.55671483096	2991.93656469123	0.15
2021.59480034346	1858.58932403552	0.18
2021.63288585597	1941.51813866416	0.15
2021.67097136847	1539.24727884955	0.21
2021.70905688098	126.387319755732	0.15
2021.74714239348	693.354969553537	0.18
2021.78522790598	1828.48265435529	0.15
2021.82331341849	2996.69373309998	0.15
2021.86139893099	5390.73073602061	0.12
2021.8994844435	1338.17063928678	0.09
2021.937569956	1228.91381518347	0.18
2021.9756554685	1473.59787072066	0.24
2022.01374098101	5049.70092623576	0.33
2022.05182649351	18425.0397918716	0.44
2022.08991200602	40626.9998172121	0.43
2022.12799751852	72592.9980412572	0.48
2022.16608303102	67736.9500753046	0.47
2022.20416854353	77880.3726943313	0.46
2022.24225405603	70991.5335478595	0.46
2022.28033956853	43646.1067128009	0.53
2022.31842508104	9650.12221390312	0.61
2022.35651059354	7863.49085448536	0.87
2022.39459610605	9912.50150262826	1.27
2022.43268161855	25979.639618648	1.51
2022.47076713105	30844.7344518262	1.89
2022.50885264356	36145.3561597527	2.23
2022.54693815606	32556.3032844173	2.72
2022.58502366857	40810.8200597164	3.41
2022.62310918107	55748.921954281	4.35
2022.66119469357	124112.204536479	5.43
2022.69928020608	221671.226861903	7.42
2022.73736571858	384886.387401605	11.23
2022.77545123109	317362.310847342	14.05
2022.81353674359	273533.347020334	15.51
2022.85162225609	228860.261490307	18.73
2022.8897077686	239639.71545521	23.74
2022.9277932811	1117217.40335253	31.11
2022.96587879361	1060022.70336424	42.22
2023.00396430611	1224486.55198848	52.04
2023.04204981861	2269674.28450101	66.39
2023.08013533112	1878373.81503006	76.46
2023.11822084362	2271593.20355124	82.15
2023.15630635613	2061958.79799937	80.44
2023.19439186863	1987499.86606352	72.84
2023.23247738113	1290716.52486429	55.57
2023.27056289364	582720.843520009	36.23
2023.30864840614	936670.055853153	19.46
2023.34673391865	818787.760977994	9.21
2023.38481943115	957389.244184065	6.77
2023.42290494365	764670.182422013	6.76
2023.46099045616	20129.7125153165	2.5
2023.49907596866	14547.9987711265	2.97
2023.53716148117	13002.2672725862	3.7
2023.57524699367	14402.3212509311	4.17
2023.61333250617	14256.4818435817	5.23
2023.65141801868	17404.2914566386	7.02
2023.68950353118	19615.3057907257	9.58
2023.72758904368	21117.3229104917	14.28
2023.76567455619	18067.0258868737	25.08
2023.80376006869	10789.8329450136	49.26
2023.8418455812	7728.396757126	127.09
2023.8799310937	125027.652299872	291.68
2023.9180166062	106306.292557472	517.25
2023.95610211871	159385.535192087	579.27
2023.99418763121	308438.524188369	618.19
2024.03227314372	343407.962329309	544.14
2024.07035865622	514609.481888108	374.68
2024.10844416872	699730.99173289	244.71
2024.14652968123	429791.216347646	247.05
2024.18461519373	192292.234591967	216.23
2024.22270070624	77217.7696344165	211
2024.26078621874	36448.509343227	185.92
2024.29887173124	15618.2211320136	146.18
2024.33695724375	1205.51362093781	100.79
