time	diffusion_coefficient	number_of_branches
2015.75171398298	4060.40611918561	0.02
2015.7948432362	5730.44866541589	0.02
2015.83797248942	NA	0
2015.88110174263	NA	0
2015.92423099585	NA	0
2015.96736024907	NA	0
2016.01048950229	NA	0
2016.05361875551	NA	0
2016.09674800872	NA	0
2016.13987726194	NA	0
2016.18300651516	NA	0
2016.22613576838	NA	0
2016.2692650216	NA	0
2016.31239427482	NA	0
2016.35552352803	37.8270500881454	0.02
2016.39865278125	79.8584668295066	0.02
2016.44178203447	121.888319129367	0.02
2016.48491128769	3.28104873333927	0.02
2016.52804054091	27.0963726326363	0.02
2016.57116979412	26.2241837670633	0.04
2016.61429904734	53.4712424192825	0.04
2016.65742830056	1872.87610652203	0.05
2016.70055755378	919.015431511443	0.07
2016.743686807	844.878456126737	0.05
2016.78681606021	357.963536755936	0.05
2016.82994531343	156.721388199776	0.04
2016.87307456665	42.9186563926502	0.03
2016.91620381987	70.6055485378982	0.03
2016.95933307309	60.1422632549723	0.0500000000000001
2017.00246232631	43.2589086022188	0.04
2017.04559157952	81.9201121368833	0.04
2017.08872083274	83.5718411013324	0.08
2017.13185008596	118.363305263893	0.06
2017.17497933918	130.064906536479	0.06
2017.2181085924	2486.69559665457	0.08
2017.26123784561	11139.9143787507	0.09
2017.30436709883	9029.65700333237	0.11
2017.34749635205	5978.8606834005	0.15
2017.39062560527	5507.66130031227	0.16
2017.43375485849	2163.36046990114	0.15
2017.4768841117	72.8670201183903	0.12
2017.52001336492	96.4763593085591	0.08
2017.56314261814	110.389699231101	0.08
2017.60627187136	122.262654169961	0.13
2017.64940112458	135.583346276577	0.19
2017.6925303778	197.842548545129	0.23
2017.73565963101	298.122804542857	0.23
2017.77878888423	299.685992201235	0.24
2017.82191813745	185.391054667249	0.21
2017.86504739067	162.392682518929	0.17
2017.90817664389	141.816378624439	0.24
2017.9513058971	119.795077257033	0.21
2017.99443515032	172.03228158923	0.23
2018.03756440354	213.738432225373	0.18
2018.08069365676	77.8183006296916	0.04
2018.12382290998	106.400505517823	0.04
2018.1669521632	49.13828132696	0.02
2018.21008141641	51.8463791393813	0.04
2018.25321066963	90.1305713937588	0.06
2018.29633992285	10956.8743055338	0.16
2018.33946917607	16840.0536584373	0.22
2018.38259842929	23640.8893372774	0.23
2018.4257276825	27011.2169717418	0.27
2018.46885693572	13872.8574940088	0.32
2018.51198618894	88490.3463591014	0.34
2018.55511544216	84459.9518381316	0.37
2018.59824469538	102192.805580681	0.3
2018.6413739486	184938.850022915	0.21
2018.68450320181	115.242815584473	0.2
2018.72763245503	178.843756819961	0.19
2018.77076170825	491.375192358742	0.13
2018.81389096147	575.895173892829	0.13
2018.85702021469	175.143299923272	0.16
2018.9001494679	179.799852778537	0.19
2018.94327872112	252.031307008311	0.16
2018.98640797434	13490.5950244939	0.24
2019.02953722756	43522.9806989134	0.28
2019.07266648078	45533.9961008227	0.23
2019.11579573399	40564.3895397454	0.26
2019.15892498721	52301.8432319373	0.19
2019.20205424043	23939.5220195004	0.15
2019.24518349365	1431.28157056632	0.12
2019.28831274687	1130.9313608164	0.11
2019.33144200009	1924.72637057241	0.07
2019.3745712533	340.674722493751	0.09
2019.41770050652	558.995525961787	0.14
2019.46082975974	717.232775259687	0.18
2019.50395901296	889.368601720364	0.17
2019.54708826618	567.962136810618	0.13
2019.59021751939	1307.60008125268	0.16
2019.63334677261	4084.70620617571	0.13
2019.67647602583	3740.21344882361	0.19
2019.71960527905	4812.02667327431	0.25
2019.76273453227	387.103303310171	0.17
2019.80586378549	573.989868870884	0.15
2019.8489930387	294.916971019343	0.1
2019.89212229192	239.365927169978	0.12
2019.93525154514	358.541051864559	0.18
2019.97838079836	866.116005997439	0.19
2020.02151005158	572.990363993724	0.2
2020.06463930479	5287.09594287613	0.18
2020.10776855801	3530.94321390655	0.18
2020.15089781123	3297.66765617253	0.12
2020.19402706445	1959.93859676567	0.12
2020.23715631767	1668.25766764134	0.06
2020.28028557088	1011.48059963045	0.05
2020.3234148241	626.134573671122	0.05
2020.36654407732	0.0423115401614297	0.02
2020.40967333054	NA	0
2020.45280258376	NA	0
2020.49593183698	NA	0
2020.53906109019	NA	0
2020.58219034341	NA	0
2020.62531959663	580.269031918869	0.09
2020.66844884985	340.354650803485	0.12
2020.71157810307	209.719834018099	0.15
2020.75470735628	189.374736526738	0.18
2020.7978366095	495.813082334439	0.12
2020.84096586272	1323.53689239267	0.09
2020.88409511594	2375.73000787992	0.12
2020.92722436916	2429.43846484563	0.11
2020.97035362238	905.771381282534	0.11
2021.01348287559	1365.06594143985	0.12
2021.05661212881	1807.22109565579	0.12
2021.09974138203	1815.03462389614	0.09
2021.14287063525	110.170946290254	0.03
2021.18599988847	981.94248363289	0.03
2021.22912914168	1081.12825789135	0.15
2021.2722583949	1435.32176365382	0.15
2021.31538764812	1245.82959254399	0.18
2021.35851690134	1052.85431902217	0.24
2021.40164615456	437.946353482284	0.21
2021.44477540777	3150.24026940901	0.3
2021.48790466099	15005.6161486574	0.24
2021.53103391421	29512.7369033498	0.21
2021.57416316743	72404.6420668093	0.12
2021.61729242065	51984.5702064382	0.15
2021.66042167387	22606.0161897834	0.24
2021.70355092708	12131.2203552528	0.26
2021.7466801803	2946.25834064606	0.2
2021.78980943352	1704.62474258524	0.18
2021.83293868674	2059.48409912754	0.09
2021.87606793996	1826.97582817908	0.09
2021.91919719317	2429.0863589226	0.15
2021.96232644639	3897.61489381375	0.15
2022.00545569961	5366.32660795685	0.15
2022.04858495283	1750.34571946742	0.17
2022.09171420605	32203.7483285349	0.11
2022.13484345927	17463.2309485351	0.41
2022.17797271248	10408.7494990732	0.64
2022.2211019657	14952.8367335504	0.69
2022.26423121892	49989.892654003	0.89
2022.30736047214	48869.0538098325	0.92
2022.35048972536	60411.4648673813	0.84
2022.39361897857	77169.6962953202	0.91
2022.43674823179	47871.7068705546	1.04
2022.47987748501	33812.2723642625	1.13
2022.52300673823	45229.477876682	1.53
2022.56613599145	61022.445849706	1.97
2022.60926524466	55932.632399651	2.6
2022.65239449788	82782.7927731875	3.86
2022.6955237511	173564.15021497	5.51
2022.73865300432	139697.256947578	9.84
2022.78178225754	179011.06717257	13.11
2022.82491151076	176324.148439632	15.53
2022.86804076397	131045.770909865	19.92
2022.91117001719	629787.001640316	25.88
2022.95429927041	862345.727493481	35.31
2022.99742852363	1242312.9424029	45.64
2023.04055777685	1464549.39275514	63.33
2023.08368703006	1347203.42831008	77.11
2023.12681628328	1339260.12466086	85.16
2023.1699455365	1193020.66236712	80.87
2023.21307478972	867929.411118506	60.14
2023.25620404294	736280.72642483	46.19
2023.29933329616	618362.345155634	25.52
2023.34246254937	859086.218317408	10.33
2023.38559180259	983840.124638257	7.74
2023.42872105581	841773.082797593	7.25
2023.47185030903	36546.3329668042	3.3
2023.51497956225	23241.3359383932	3.75
2023.55810881546	15962.829042372	4.51
2023.60123806868	15376.1856069439	5.89
2023.6443673219	11399.544950931	7.57
2023.68749657512	9449.70525655514	9.15
2023.73062582834	13051.1680268713	14.25
2023.77375508156	21998.4024503607	23.21
2023.81688433477	25808.108894409	57.33
2023.86001358799	236459.383545409	182.7
2023.90314284121	128666.548992519	426.37
2023.94627209443	128823.84636635	558.72
2023.98940134765	226177.495842548	619.38
2024.03253060086	454825.473415761	547.52
2024.07565985408	750514.473631097	350.52
2024.1187891073	1049572.08948992	237.05
2024.16191836052	637603.911647807	233.23
2024.20504761374	104910.629626741	217.58
2024.24817686695	43230.9137258107	198.28
2024.29130612017	21873.2135637874	167.09
2024.33443537339	8597.43771644903	114.57
