time	95%HPD_lower_value	95%HPD_higher_value
2016.75794025546	0.160270247126032	808.275905766793
2016.79602576797	0.180121066259723	861.20746151268
2016.83411128047	0.199971869920006	914.207917767759
2016.87219679297	0.323285000099666	967.263623405974
2016.91028230548	0.00374690120913277	1020.3642412062
2016.94836781798	0.00897071068419692	1073.50179734799
2016.98645333049	0.00436519733559447	1126.6700440958
2017.02453884299	0.0102037185056467	1179.86401248297
2017.06262435549	0.0160420992736041	1233.07970400926
2017.100709868	0.0147147776311993	1286.31386218427
2017.1387953805	0.00530308506012153	1339.5638074355
2017.17688089301	0.0117807316926867	1392.82731513102
2017.21496640551	0.0182584327998077	1446.10252282063
2017.25305191801	0.0247360681573997	881.920193043277
2017.29113743052	0.0312137727409977	1047.97965803493
2017.32922294302	0.0376914917108874	1214.03289115812
2017.36730845553	0.0441691753755948	1380.07981306561
2017.40539396803	0.000751803213568911	1546.12032977991
2017.44347948053	0.0020513970644228	1712.15436000817
2017.48156499304	0.0150371339076526	1878.18181341387
2017.51965050554	0.0330592343241247	2044.20260274214
2017.55773601805	0.0485638679662229	2210.21663875406
2017.59582153055	0.0640683881401987	2376.22384000177
2017.63390704305	0.0795730376385649	2542.22411415803
2017.67199255556	0.00185747076921924	1828.60176636744
2017.71007806806	0.00520053273404024	1962.74554715881
2017.74816358056	0.00388658337136705	2099.17019611066
2017.78624909307	0.00951427529536773	2237.73924827754
2017.82433460557	0.0151418437304466	2378.32687262766
2017.86242011808	0.01857259903723	2520.81683414944
2017.90050563058	0.021915616494696	2351.69020452082
2017.93859114308	0.000419948949280966	2490.8689698723
2017.97667665559	0.000801944003543089	2654.57120357633
2018.01476216809	0.0107405070102625	2808.20174651768
2018.0528476806	0.016994651597644	2145.6227972921
2018.0909331931	0.022519574938013	2265.86021093183
2018.1290187056	0.000197541157044176	2495.39353513384
2018.16710421811	0.00175728454654178	2608.32171773679
2018.20518973061	0.00463565908995821	2721.24595572256
2018.24327524312	0.00685516179561079	2834.16620951141
2018.28136075562	0.00907468334374656	2947.08244018044
2018.31944626812	0.0105403504758239	2661.1978586814
2018.35753178063	0.0217251705974332	2740.95096736289
2018.39561729313	0.0065677256270168	2821.52676311691
2018.43370280564	0.0182592321106106	2984.87846897702
2018.47178831814	0.0299508406694092	3156.16033017067
2018.50987383064	0.0416424341884773	3276.88466639648
2018.54795934315	0.00124889550421877	3457.73774924681
2018.58604485565	0.0040949374806753	3599.57129879036
2018.62413036816	0.00896483230992241	3158.8524033346
2018.66221588066	0.0000473256744068299	3353.07275168427
2018.70030139316	0.000193311389101736	3549.80704223557
2018.73838690567	0.004809953022233	3145.56821271059
2018.77647241817	0.0077640050729136	3296.42259141345
2018.81455793068	0.00173759874617303	3447.29749586407
2018.85264344318	0.00936838158659896	3574.71328532295
2018.89072895568	0.00455782672241902	3798.19578864398
2018.92881446819	0.018056117184095	3879.01469390369
2018.96689998069	0.0206291335900085	4184.77363153562
2019.0049854932	0.00476312284402541	3697.02561125127
2019.0430710057	0.00367179365515359	3953.10405455006
2019.0811565182	0.0152157582413755	4215.67024234482
2019.11924203071	0.020442126312075	4482.09887336359
2019.15732754321	0.0256684314846723	4970.60157361753
2019.19541305571	0.0308947458918272	5360.57863992097
2019.23349856822	0.00617536377046252	6463.75582805696
2019.27158408072	0.0196903274086792	6001.52106096767
2019.30966959323	0.0012079395398648	5822.51903297298
2019.34775510573	0.00589026810435971	8827.09471830431
2019.38584061823	0.000245597277711652	13287.9056462298
2019.42392613074	0.0075746571090047	18233.7684877083
2019.46201164324	0.0149070803548021	23557.0575962493
2019.50009715575	0.0222395139448463	26797.4549956595
2019.53818266825	0.0293019651736253	29599.916559643
2019.57626818075	0.0339843121266914	32411.3538734497
2019.61435369326	0.0386666459807212	47542.9015736726
2019.65243920576	0.000217593913623991	53059.2360889494
2019.69052471827	0.00725086768461277	50860.1374742415
2019.72861023077	0.0142807113128098	58840.4823327578
2019.76669574327	0.0213106544425371	46550.8184434463
2019.80478125578	0.0283405093956527	49388.4949909654
2019.84286676828	0.0353704457837744	52227.9676847221
2019.88095228079	0.0424003037918519	50139.5450593064
2019.91903779329	0.00558708365367828	47488.3439762818
2019.95712330579	0.0564600979501759	68134.6124984918
2019.9952088183	0.0634899866086927	65574.9940899244
2020.0332943308	0.0705198876696206	63197.3885355468
2020.07137984331	0.0775497967509092	60983.049866894
2020.10946535581	0.0845796860328187	63096.180869248
2020.14755086831	0.0916095805678475	61715.639918062
2020.18563638082	0.0986394796299713	60446.8492072859
2020.22372189332	0.10566937941632	57562.3783116127
2020.26180740583	0.112699281815646	49683.7973831189
2020.29989291833	0.119729187348725	42561.0383760603
2020.33797843083	0.126759094876753	36143.1908513765
2020.37606394334	0.1337889995054	30383.776907467
2020.41414945584	0.140818899215327	26948.3393796906
2020.45223496835	0.147848799117796	23139.8436564298
2020.49032048085	0.0224507702916183	24804.9061142292
2020.52840599335	0.0777445732810944	26497.4486758087
2020.56649150586	0.13303878539659	28215.8216086472
2020.60457701836	0.175968430056475	45444.4941452687
2020.64266253086	0.182998334913117	40363.6149211564
2020.68074804337	0.190650024581179	35762.8776331887
2020.71883355587	0.144961504767608	31595.9142164705
2020.75691906838	3.69447307869298	27822.13697766
2020.79500458088	3.94680540119474	24405.8647351813
2020.83309009338	4.19913802419634	24318.4739574661
2020.87117560589	4.45147101306804	71308.8227638142
2020.90926111839	4.70380431747058	63412.8411025071
2020.9473466309	4.95613797047625	56262.8399728712
2020.9854321434	103.084007819241	80267.3579884813
2021.0235176559	391.62887835906	92330.6705758008
2021.06160316841	830.890010621414	88010.5196992939
2021.09968868091	1394.26065015199	83879.9752147251
2021.13777419342	0.755268119627928	80119.0561556599
2021.17585970592	0.74533288159386	50879.5810332879
2021.21394521842	0.736301631853163	45214.9159070842
2021.25203073093	0.100540365442731	40085.3547780985
2021.29011624343	0.233111573356156	35438.984956468
2021.32820175594	0.413167947711022	37686.741683522
2021.36628726844	0.635875656785737	40096.2012579438
2021.40437278094	0.701892592728701	42636.8305331567
2021.44245829345	0.696721883085348	45331.7713511895
2021.48054380595	0.115191265407299	48063.2416384388
2021.51862931846	0.142353519557188	38318.9151099272
2021.55671483096	0.171382377601374	44802.4574972033
2021.59480034346	0.202090957816367	48487.0221389295
2021.63288585597	0.234316525263416	53756.078680488
2021.67097136847	0.267916729994119	59131.135237193
2021.70905688098	0.244914495700364	87435.7350552655
2021.74714239348	0.315541384558646	116053.134847001
2021.78522790598	0.375785399875302	109234.051543518
2021.82331341849	0.41377013300772	108604.637211302
2021.86139893099	0.45263188701044	101195.909280122
2021.8994844435	0.457217419777337	95996.2042363973
2021.937569956	0.436892889069925	92108.5334050361
2021.9756554685	0.393172964554404	88303.0773870625
2022.01374098101	0.36370612237872	81659.0534601752
2022.05182649351	0.381603574122842	90184.0437241429
2022.08991200602	0.0939569449715388	108439.002833176
2022.12799751852	0.134974114251603	105933.348748753
2022.16608303102	0.181642199485024	119199.835650023
2022.20416854353	0.233385862748457	168782.365184151
2022.24225405603	0.28970533504704	217363.263549234
2022.28033956853	697.511179338235	260017.841901299
2022.31842508104	39367.7404377468	284620.837154364
2022.35651059354	54751.8770260444	332525.898316788
2022.39459610605	51633.9674519786	309671.914181192
2022.43268161855	65115.7066593748	333552.667151539
2022.47076713105	118207.621405704	442532.9140281
2022.50885264356	149348.163944223	548357.310797181
2022.54693815606	271812.939782019	820554.725044464
2022.58502366857	522364.497070829	1434838.47960976
2022.62310918107	1658622.35477003	3099237.97897375
2022.66119469357	2204710.23734718	3894677.86609679
2022.69928020608	3317377.36408528	5469717.68452082
2022.73736571858	4065195.34741443	6212292.13008993
2022.77545123109	4508901.51595644	6669590.90766121
2022.81353674359	4913238.52313653	7171907.07550287
2022.85162225609	5189706.1371125	7420300.549429
2022.8897077686	5334259.8370201	7593537.82693521
2022.9277932811	5381543.77324491	7591748.2305972
2022.96587879361	5364644.51643707	7535476.31414388
2023.00396430611	5483751.32151052	7458377.84549575
2023.04204981861	5532913.8515222	7478627.48462805
2023.08013533112	5635979.51123894	7585928.56341279
2023.11822084362	5652183.56920977	7720378.11064696
2023.15630635613	5618632.7552342	7922517.32835197
2023.19439186863	5676611.10433732	8113076.04055535
2023.23247738113	5659318.241441	8315110.95707598
2023.27056289364	5251655.91607977	7800995.2525969
2023.30864840614	5350896.0692771	7698105.70364938
2023.34673391865	5287307.35178403	7907535.14051789
2023.38481943115	5091889.40455783	7539651.31537628
2023.42290494365	4436597.79624917	6492060.28555037
2023.46099045616	4026897.07813806	5967272.63583782
2023.49907596866	4257703.66110814	6210841.49786956
2023.53716148117	5547998.59974683	8376315.92608075
2023.57524699367	8523042.31479676	11981490.5931199
2023.61333250617	7761015.68900434	11705978.1765589
2023.65141801868	7329131.77848891	10618587.3000217
2023.68950353118	6602802.836824	8631422.19573804
2023.72758904368	6077036.43531084	7874390.96719021
2023.76567455619	5441618.58426536	6906949.78020041
2023.80376006869	5130862.3905168	6544018.33287525
2023.8418455812	4769139.20529765	6297482.87187296
2023.8799310937	4811028.26097794	6152919.04810531
2023.9180166062	4796714.51175693	6142288.10969129
2023.95610211871	4739619.5520029	6066787.16560749
2023.99418763121	4741133.4283081	6062686.84171031
2024.03227314372	4775184.02113815	6110418.26817915
2024.07035865622	4802251.8151072	6099804.29645108
2024.10844416872	4805247.67300338	6089195.81018615
2024.14652968123	4804208.73684559	6078593.31156487
2024.18461519373	4820569.33944748	6078783.0852617
2024.22270070624	4830866.4111371	6057408.29890684
2024.26078621874	4881144.38507207	6061022.82034955
2024.29887173124	4866728.22094988	6047731.98481934
2024.33695724375	4918432.24137275	6099959.56642224
