time	diffusion_coefficient	number_of_branches
2015.01403646248	35.7666670688735	0
2015.06086334738	99.9668108600341	0
2015.10769023228	134.304847405117	0
2015.15451711718	168.641406588638	0
2015.20134400208	202.976490733208	0
2015.24817088698	180.085736947048	0
2015.29499777188	271.642218078672	0
2015.34182465678	305.972857374463	0
2015.38865154168	340.302010276133	0
2015.43547842658	374.62967494762	0
2015.48230531148	408.955848733462	0
2015.52913219638	841.954105285193	0
2015.57595908128	477.60371501796	0
2015.62278596618	275.646470088098	0
2015.66961285108	312.907974005326	0
2015.71643973598	206.11425712629	0
2015.76326662088	232.725274592143	0
2015.81009350578	92.1567061162769	0
2015.85692039068	124.166208765853	0
2015.90374727558	151.548258494882	0
2015.95057416048	181.857283124231	0
2015.99740104538	220.188047029143	0
2016.04422793028	232.498370513774	0
2016.09105481518	270.229036312522	0
2016.13788170008	313.093422821839	0
2016.18470858498	350.115066484891	0
2016.23153546988	335.501393943353	0
2016.27836235478	361.254698498115	0
2016.32518923968	387.009019230961	0
2016.37201612458	451.058691064035	0
2016.41884300948	481.832758907068	0
2016.46566989438	473.144855583521	0
2016.51249677928	490.036433614605	0
2016.55932366418	523.447526159637	0
2016.60615054907	564.894047310279	0
2016.65297743397	611.24585168681	0
2016.69980431887	652.513983928492	0
2016.74663120377	712.369691293716	0
2016.79345808867	742.962700375721	0
2016.84028497357	786.873464151575	0
2016.88711185847	705.295858144223	0
2016.93393874337	643.371282282648	0
2016.98076562827	680.354719011484	0
2017.02759251317	693.842613309593	0
2017.07441939807	713.677899711581	0
2017.12124628297	796.816112316869	0
2017.16807316787	784.355153432955	0
2017.21490005277	839.872684896045	0
2017.26172693767	548.73130820496	0
2017.30855382257	536.537906881045	0
2017.35538070747	577.599543348044	0
2017.40220759237	642.267819565649	0
2017.44903447727	708.431983277672	0
2017.49586136217	727.98675503839	0
2017.54268824707	729.728240596786	0
2017.58951513197	810.682818810664	0
2017.63634201687	877.732175729692	0
2017.68316890177	897.873062858475	0
2017.72999578667	971.755930242027	0
2017.77682267157	917.821007001974	0
2017.82364955647	1027.64736623897	0
2017.87047644137	1099.63991085695	0
2017.91730332627	1087.12110053207	0
2017.96413021117	1182.85635606879	0
2018.01095709607	1258.39713173211	0
2018.05778398097	1328.85952134136	0
2018.10461086587	1409.95280216453	0
2018.15143775077	1483.3171387354	0
2018.19826463567	1524.83556823177	0
2018.24509152057	1504.477684246	0
2018.29191840547	948.305179611311	0
2018.33874529037	1001.54715315756	0
2018.38557217527	1097.21724372364	0
2018.43239906017	1237.42413331461	0
2018.47922594507	1504.59250022799	0
2018.52605282997	1430.13535237478	0
2018.57287971487	1526.48048575488	0
2018.61970659977	1575.5749025714	0
2018.66653348467	3401.64739196111	0
2018.71336036957	3586.58781318631	0
2018.76018725447	1911.79078526009	0
2018.80701413937	1958.26866598295	0
2018.85384102427	2003.48249688829	0
2018.90066790917	NA	0
2018.94749479407	NA	0
2018.99432167897	NA	0
2019.04114856387	NA	0
2019.08797544877	NA	0
2019.13480233367	NA	0
2019.18162921857	NA	0
2019.22845610347	NA	0
2019.27528298837	NA	0
2019.32210987327	NA	0
2019.36893675817	NA	0
2019.41576364307	NA	0
2019.46259052797	NA	0
2019.50941741287	4.18462482012738	0
2019.55624429777	21.1746758437841	0
2019.60307118267	49.7109395628892	0
2019.64989806757	88.404559860022	0
2019.69672495247	136.080907198086	0
2019.74355183736	191.73980606772	0
2019.79037872226	254.52430675977	0
2019.83720560716	323.695934029214	0
2019.88403249206	398.614894691066	0
2019.93085937696	478.724128491787	0
2019.97768626186	563.536351665797	0
2020.02451314676	652.623463189465	0
2020.07134003166	745.607825299584	0
2020.11816691656	842.155038095481	0
2020.16499380146	941.967926535907	0
2020.21182068636	1044.78149584426	0
2020.25864757126	1150.35869439102	0
2020.30547445616	1258.48682208141	0
2020.35230134106	1368.97448112871	0
2020.39912822596	1481.64897858105	0
2020.44595511086	1596.35408518374	0
2020.49278199576	NA	0
2020.53960888066	NA	0
2020.58643576556	NA	0
2020.63326265046	NA	0
2020.68008953536	37667.471948593	0
2020.72691642026	32709.2252920017	0
2020.77374330516	28321.8339106119	0
2020.82057019006	22334.26435817	0
2020.86739707496	19279.5381318791	0
2020.91422395986	16575.3160318552	0
2020.96105084476	14181.3831802284	0
2021.00787772966	12063.4706723014	0
2021.05470461456	10192.1924254212	0
2021.10153149946	8542.20288688867	0
2021.14835838436	7091.52374614983	0
2021.19518526926	5821.00125944895	0
2021.24201215416	4643.15967071131	0
2021.28883903906	2675.78658708368	0
2021.33566592396	2932.49390325679	0
2021.38249280886	2233.69790706863	0
2021.42931969376	1941.00752760733	0
2021.47614657866	3085.34565970188	0
2021.52297346356	2941.1259755584	0
2021.56980034846	3934.03815080998	0
2021.61662723336	5743.42891834827	0
2021.66345411826	6327.49044277983	0
2021.71028100316	9683.10733892557	0
2021.75710788806	7233.8312668371	0
2021.80393477296	5705.9529640573	0
2021.85076165786	11008.1332229252	0
2021.89758854276	13372.8353296604	0
2021.94441542766	8860.60712423636	0
2021.99124231256	9298.40935944669	0
2022.03806919746	12813.8540207691	0
2022.08489608236	16877.4810741934	0
2022.13172296726	21426.7261782127	3
2022.17854985216	22906.4278403934	3
2022.22537673706	32504.8544416338	3
2022.27220362196	47379.443475329	3
2022.31903050686	52033.9658683979	6
2022.36585739176	67159.5131824613	8
2022.41268427666	83759.1560670958	9
2022.45951116156	110616.003189879	12
2022.50633804646	135720.507013671	18
2022.55316493136	162868.11434621	24
2022.59999181626	208209.670216866	32
2022.64681870116	399385.559703884	46
2022.69364558606	522557.49203065	64
2022.74047247096	548254.905131966	70
2022.78729935586	575102.356001094	70
2022.83412624075	559412.155898637	72
2022.88095312565	545774.65575818	72
2022.92778001055	536624.180236771	72
2022.97460689545	520611.976710677	72
2023.02143378035	512535.129922976	72
2023.06826066525	505421.073780545	72
2023.11508755015	497962.553872326	72
2023.16191443505	482311.42595406	73
2023.20874131995	463451.067646886	73
2023.25556820485	437809.112327352	73
2023.30239508975	390846.308908077	75
2023.34922197465	387938.133679588	76
2023.39604885955	379163.933594049	94
2023.44287574445	415092.259944153	195
2023.48970262935	424139.45151902	440
2023.53652951425	485349.660773837	585
2023.58335639915	767267.419821864	700
2023.63018328405	2018075.15146945	724
2023.67701016895	1971573.35503753	743
2023.72383705385	2154335.30272061	767
2023.77066393875	2596280.96427018	874
2023.81749082365	2603988.84158737	909
2023.86431770855	2599611.01456729	907
2023.91114459345	2628552.28933742	907
2023.95797147835	2658147.77698174	907
2024.00479836325	2688419.94590264	907
2024.05162524815	2719392.30675329	907
2024.09845213305	2751089.47372276	906
2024.14527901795	2783537.23031802	906
2024.19210590285	2814106.04629975	906
2024.23893278775	2839803.6559266	906
2024.28575967265	2868543.46779595	905
2024.33258655755	2886945.59314299	904
