time	95%HPD_lower_value	95%HPD_higher_value
2016.75794025546	0.0953169954816806	532.705805771116
2016.79602576797	0.10712280430653	571.769457026386
2016.83411128047	0.118928603314368	610.832070933199
2016.87219679297	0.754281352407351	649.893637802722
2016.91028230548	0.0025034072666042	688.954147947843
2016.94836781798	0.00599351156125616	728.013591674479
2016.98645333049	0.00218347749543781	767.07195929878
2017.02453884299	0.00510391409623467	806.129241124244
2017.06262435549	0.0080242788360464	845.185427464633
2017.100709868	0.00783666741221566	884.240508628217
2017.1387953805	0.002870408323508	923.294474922541
2017.17688089301	0.00637657351645467	962.347316655996
2017.21496640551	0.00988276706281244	1001.39902413902
2017.25305191801	0.0133889356306789	877.906094250637
2017.29113743052	0.0168951255361543	1043.20968510793
2017.32922294302	0.0204013257780042	1208.50706302752
2017.36730845553	0.0239075144157124	1373.79814091311
2017.40539396803	0.000608413096074452	1539.08283159662
2017.44347948053	0.00152190857848925	1704.36104796758
2017.48156499304	0.0119718280015572	1869.6327028795
2017.51965050554	0.0245387883845355	2034.89770918891
2017.55773601805	0.0360473681003743	2200.15597974331
2017.59582153055	0.0449446517861715	2365.40742740431
2017.63390704305	0.0484508438833558	2530.65196501002
2017.67199255556	0.000930496885715125	1342.83280703609
2017.71007806806	0.00260519207382095	1406.64317677637
2017.74816358056	0.00203655245407146	1470.45142313283
2017.78624909307	0.00498543067870822	1534.25752643362
2017.82433460557	0.00762921959325226	1598.06146697805
2017.86242011808	0.00930388816123653	1661.86322489836
2017.90050563058	0.0109785626505009	1771.69269771428
2017.93859114308	0.000213037764672228	1881.7818333476
2017.97667665559	0.000405185983784206	1991.86730798548
2018.01476216809	0.00542652137937542	2101.94908286908
2018.0528476806	0.00862099575850254	1293.34690996108
2018.0909331931	0.0114236632713471	1565.15357969026
2018.1290187056	0.000118557060689002	1639.2111172764
2018.16710421811	0.000950407546067265	1753.04457751325
2018.20518973061	0.00278720819165628	1906.26779099003
2018.24327524312	0.00412170656167236	1975.13899237898
2018.28136075562	0.00545622434706136	2152.84921248914
2018.31944626812	0.00540423642540734	1487.30024988118
2018.35753178063	0.011138903321579	1679.40219753331
2018.39561729313	0.0039949103199565	1763.8313384338
2018.43370280564	0.0111064867181985	2012.71544903427
2018.47178831814	0.0182181290475691	2092.72000124888
2018.50987383064	0.0253297734510201	2017.09919653381
2018.54795934315	0.000641887417909548	2101.51518055621
2018.58604485565	0.00205308855833368	2185.92779005956
2018.62413036816	0.00448245798819479	2118.19432475601
2018.66221588066	0.0000237848138321038	2230.51295085043
2018.70030139316	0.000120819618188585	2342.82546627029
2018.73838690567	0.00260220708834463	2486.55461686096
2018.77647241817	0.00389206505250106	2667.78848688248
2018.81455793068	0.000890731122878611	2849.01433989945
2018.85264344318	0.00480244089846738	3030.23207102968
2018.89072895568	0.00383865504937104	3211.44157537049
2018.92881446819	0.00905145974928555	2985.47874390985
2018.96689998069	0.0103413023877829	2832.71215078956
2019.0049854932	0.00238672733842194	3026.21251115007
2019.0430710057	0.00184473124223039	3304.563354632
2019.0811565182	0.00762438391248741	3582.89972480447
2019.11924203071	0.0102432367815388	3800.16773581062
2019.15732754321	0.0128620584829811	4139.52804511231
2019.19541305571	0.0154808848966958	4417.8194951522
2019.23349856822	0.00384438378571191	4892.85821154532
2019.27158408072	0.0122575788690496	8420.48757704178
2019.30966959323	0.00073083343998371	13245.3261701202
2019.34775510573	0.00356364070183478	15398.0284926245
2019.38584061823	0.000123076316557681	17550.1427302472
2019.42392613074	0.00379625605331411	19701.6391827646
2019.46201164324	0.00747110765275575	21852.4881360083
2019.50009715575	0.011145967668976	24002.6598605054
2019.53818266825	0.0148208665992912	26152.1246102381
2019.57626818075	0.0184957694664972	28300.8526214538
2019.61435369326	0.022170654655054	39415.185264157
2019.65243920576	0.000123568866634607	43215.2634284834
2019.69052471827	0.00409676774563476	47012.7172807223
2019.72861023077	0.00806864839970696	36887.8013125567
2019.76669574327	0.0120405740689436	39032.3984640531
2019.80478125578	0.0160124671283567	41176.0798505711
2019.84286676828	0.0199844000567676	43318.8155487449
2019.88095228079	0.0239562940344202	41062.1602004175
2019.91903779329	0.00294179764260066	29089.8015674572
2019.95712330579	0.031900119318063	34907.6386322004
2019.9952088183	0.0358720292264607	34907.4904327466
2020.0332943308	0.0398439409949849	34907.3422336152
2020.07137984331	0.0438158594933298	34907.1940349397
2020.10946535581	0.0477877682577574	41375.9824940284
2020.14755086831	0.0517596809052583	41428.275794508
2020.18563638082	0.0557315944927477	41480.5660536585
2020.22372189332	0.0597035068602511	46999.350853908
2020.26180740583	0.0636754237845539	43867.2941600216
2020.29989291833	0.067647339240627	40171.6000485999
2020.33797843083	0.0716192567614656	36477.2545536426
2020.37606394334	0.0755911729059803	32784.3905501971
2020.41414945584	0.0795630878804057	29093.1408439313
2020.45223496835	0.0835350032615768	25403.6381861266
2020.49032048085	0.0184534059427999	21716.0152883794
2020.52840599335	0.0639038420632564	20845.0476808232
2020.56649150586	0.0954507562743379	19346.0595901484
2020.60457701836	0.0994226761729667	18316.7540678816
2020.64266253086	0.103394593744635	16694.7364757112
2020.68074804337	0.177680742918701	16060.4746937236
2020.71883355587	0.108376327250254	15371.7267320548
2020.75691906838	2.34077991074242	15707.2553510226
2020.79500458088	2.44704608991077	16360.4336648099
2020.83309009338	2.5533123335492	27625.3360478688
2020.87117560589	2.65957863639511	48435.4315575394
2020.90926111839	2.76584500652671	54148.9881144824
2020.9473466309	3.79972327752298	59858.9252953094
2020.9854321434	853.446942138037	87419.8537238959
2021.0235176559	1956.19003339731	95022.5541099493
2021.06160316841	2735.11956297319	57076.6885548953
2021.09968868091	2625.40410094664	57076.6666341023
2021.13777419342	0.251941498632768	57076.6447133446
2021.17585970592	0.251220796903903	22261.6839489394
2021.21394521842	0.25049949529361	23488.1250235962
2021.25203073093	0.0585315547461496	24714.2888544699
2021.29011624343	0.209279556815138	25940.1681837743
2021.32820175594	0.248335537653581	27165.75575047
2021.36628726844	0.247614206537304	28391.0442901797
2021.40437278094	0.246892876214056	29616.02653503
2021.44245829345	0.246171534411718	30840.6952134797
2021.48054380595	0.0452742732502929	32065.043050276
2021.51862931846	0.0634813280711119	27866.5602741053
2021.55671483096	0.0816883956046196	32784.7209292647
2021.59480034346	0.0998954680634635	37701.003532312
2021.63288585597	0.118102549468834	78303.9573398592
2021.67097136847	0.136309654002707	86480.6875445262
2021.70905688098	0.0971449939437316	258530.730973859
2021.74714239348	0.137470721005565	258530.873396233
2021.78522790598	0.177796493844845	258531.015819242
2021.82331341849	0.209138134698727	184665.11098585
2021.86139893099	0.206343095008823	136470.158770118
2021.8994844435	0.196235115350207	136471.080548973
2021.937569956	0.186127140112297	129265.731359348
2021.9756554685	0.176019162054484	136472.924084845
2022.01374098101	0.165911194928851	129265.752441687
2022.05182649351	0.155803224587837	200789.250722607
2022.08991200602	0.035013471939181	143421.042451514
2022.12799751852	0.0650113668686035	155104.553784451
2022.16608303102	0.0950091823973177	164450.199221077
2022.20416854353	0.125006930177023	212779.933753987
2022.24225405603	0.1550046257275	389557.268460291
2022.28033956853	501.934962809578	462828.119453825
2022.31842508104	26064.4651237413	840252.535394693
2022.35651059354	24864.391101364	1006104.82031055
2022.39459610605	38426.6249378226	845245.208455796
2022.43268161855	41141.5645250654	737968.631477083
2022.47076713105	41034.7212470039	692161.079292083
2022.50885264356	52297.3109095508	1244750.09087854
2022.54693815606	49104.7946156475	1386998.59319582
2022.58502366857	151541.695124118	2239764.90874598
2022.62310918107	329533.190646788	10568354.4988893
2022.66119469357	471294.423134336	8969998.87256542
2022.69928020608	571627.748332511	7932440.93498687
2022.73736571858	566400.816359774	7583384.82548837
2022.77545123109	572561.244265514	7415636.9303429
2022.81353674359	571868.082212695	7188289.47960214
2022.85162225609	636716.098022524	7216753.70136021
2022.8897077686	670024.889048325	7217844.51464763
2022.9277932811	671194.970080848	7218083.21688886
2022.96587879361	650965.611749948	7218322.01366065
2023.00396430611	655934.802157783	7218560.89745389
2023.04204981861	655934.788122243	7218799.86075391
2023.08013533112	610286.163419474	7209791.65105272
2023.11822084362	610234.777557397	7210042.87385606
2023.15630635613	654907.221912259	7331454.10479111
2023.19439186863	603196.038242762	7098972.31556817
2023.23247738113	592519.942799133	6990435.98970502
2023.27056289364	604496.117203824	6735970.48864451
2023.30864840614	599626.24800099	6545513.82921859
2023.34673391865	561036.199833643	6365813.06492043
2023.38481943115	433715.274282305	5696142.23081329
2023.42290494365	311745.17396712	3823306.85014938
2023.46099045616	215000.065357501	2353265.44923899
2023.49907596866	171585.094941651	1131405.41736637
2023.53716148117	183580.621460365	1074969.03147353
2023.57524699367	233878.347156207	1052431.31082145
2023.61333250617	220694.57771244	885144.372412533
2023.65141801868	218616.741186725	806660.233533454
2023.68950353118	173529.21987887	733325.170737008
2023.72758904368	171007.639635806	699393.097203734
2023.76567455619	150820.931966494	645397.43782261
2023.80376006869	148023.763202489	636523.607406126
2023.8418455812	146855.716309107	633652.095472249
2023.8799310937	147437.290239132	536046.076635017
2023.9180166062	147437.290192867	536031.520879109
2023.95610211871	147437.290146602	536016.959658172
2023.99418763121	147437.290100337	536002.393330258
2024.03227314372	147437.290054072	535987.822253243
2024.07035865622	147437.290007807	536567.026990725
2024.10844416872	147437.289961542	537157.94902355
2024.14652968123	147437.289915277	537750.140411079
2024.18461519373	147437.289869012	537750.095126992
2024.22270070624	147599.665664718	537750.049843535
2024.26078621874	147762.399421566	538938.399067977
2024.29887173124	147789.525382493	540645.803938397
2024.33695724375	147740.806632925	542278.737579315
